100
-71.55407414 14.24736811 50.27573895 -20.69100098 85.48668972 -42.31470547 59.78601749 39.05483408 -53.42908282
-1.67826552 -0.52504071 1.95413334 0.00796826 2.74527376 1.74077492 1.84933268 4.71653368 -5.38173259
-1.32383992 -0.86160137 1.97861533 -0.37173785 4.22902323 1.72630381 2.21331668 5.19296859 -6.53213293
-0.94616529 -1.20803481 1.97829835 -1.23848955 6.77130622 3.10783416 2.57980136 5.56379835 -7.70956140
-0.56458077 -1.55943514 1.96002419 -2.54794576 8.80884793 8.93315271 2.79323889 5.73577288 -8.40405243
-0.13956357 -1.90093224 1.86767824 -4.24849098 10.40879172 12.89139717 2.75730536 5.54567820 -7.55291889
0.21573856 -2.23109661 1.81183171 -6.02630411 11.29252475 13.90161543 2.14060975 5.02506400 -2.67523355
0.60016163 -2.53601005 1.69299875 -7.65903487 11.10721366 13.37068161 1.06882080 3.96609496 4.73154254
0.95945792 -2.81970301 1.58217893 -8.83629927 9.98321160 11.61034541 -0.37061386 2.60502110 8.01923657
1.42992374 -2.99774243 1.29426089 -9.91422422 8.51648085 9.18139214 -1.79316208 0.89866627 8.22200688
1.86877647 -3.10751651 1.01891335 -10.54388803 6.53237494 7.03056664 -3.14354639 -0.55935978 7.19108976
2.30053390 -3.10745409 0.69347539 -10.57925106 4.35964523 5.73696924 -4.25044716 -1.64087727 5.84750868
-4.56815486 22.38395936 -15.77954416 63.85491241 -84.09146422 -87.17661390 -9.51246471 -33.06808596 8.41871283
-1.63841922 0.14017944 1.35041413 2.52815205 -0.05788450 1.99278435 -4.65909548 6.53457439 6.48837505
-1.94367507 0.37642144 1.49552007 2.83315494 0.49318021 2.78058561 -5.82764653 8.17495674 7.85118024
-1.98133317 0.85439766 1.25957050 2.64710550 3.98017246 3.51746349 -7.00010077 8.54945929 9.38953013
-1.82749399 1.33549611 0.94754378 1.90018828 10.07258989 4.43387214 -7.98653494 8.14643800 10.35810307
-1.78047960 1.97450945 0.99638852 1.45502395 13.37507886 6.59910334 -8.89045090 8.77825598 10.61159767
-1.02977049 2.37208942 1.21088077 0.96763416 13.56189698 9.01984326 -8.93930365 9.05194913 9.62048273
0.27577857 2.67010831 0.97095340 0.72291939 11.74765048 9.80865769 -7.46779891 7.88616153 7.76400847
1.20510739 1.68736289 1.41660725 1.33423489 8.46695726 8.29128983 -4.66786057 7.38354685 4.90089349
1.01003893 -0.26783092 1.94915631 2.55919882 4.25600887 4.11859527 -0.41990113 6.63879245 0.86328990
0.05604870 -2.90482923 2.51788186 3.74198297 -1.36819774 -1.39508252 4.64245287 5.10976122 -4.66748861
-0.79340770 -4.98868002 2.25420264 3.28784320 -12.92699072 -9.07425331 11.01507196 -1.39122609 -14.11782880
-0.34474804 -4.99844404 0.98874251 -1.07056224 -29.21357693 -13.55108578 18.01776168 -14.02644376 -28.41012446
0.49347564 -3.23874455 -0.70244233 -8.53646118 -7.28484046 -11.32315452 17.14459620 -21.86218708 -30.98971508
0.95848947 -1.80177518 -1.40761735 -9.40878633 8.47578095 0.22858346 10.19463028 -6.26459888 -18.89191369
1.50381591 -1.34696997 -1.58344950 -8.38127429 8.44776430 11.91539387 5.43966097 -0.51087218 -8.71965850
1.26509477 0.56742897 -2.26944674 -4.90480199 4.25001419 4.56777557 3.61031119 -2.53157944 -3.03420394
1.59347095 0.61100469 -2.28874837 -4.56922853 2.26431969 2.16643668 2.60703458 -3.35882642 -1.12452521
-5.31508360 2.11333673 10.28386763 33.34157310 -24.88575601 -12.32742972 -28.62431727 26.95096066 43.14046339
0.54669941 -1.70075372 2.80558960 1.18141430 1.99611028 1.55805830 1.97346058 3.42010947 -4.67814225
0.66407894 -2.19610755 2.88513921 -0.87417053 4.81622422 -0.50633746 4.89445632 -0.30677587 -10.26863346
0.76240911 -2.87554239 3.04108314 -6.78189371 14.55626326 4.14726948 10.26559499 1.66523273 -20.87494398
0.91509587 -3.92035815 3.23097687 -19.55544820 37.03282070 43.32147836 14.67318413 17.70340036 -3.42302819
1.32722371 -5.63686392 3.38574161 -24.53141793 33.77696571 38.71034053 5.49048907 9.95500558 35.79332466
60.10482984 -57.93518817 -13.31444878 -36.11455293 -71.60948981 -43.09258291 -56.84425186 -100.20575997 41.98069303
0.78435387 2.17893023 -2.52543521 1.76784003 -2.69526536 -6.84165924 -1.00088394 -3.52501402 -3.18077710
1.14122837 2.37944931 -2.97526661 1.13672591 -2.01376793 -5.52217469 -0.74235412 -3.60432129 -2.79004221
1.77959061 1.87933947 -3.09578955 0.28541428 -1.22017010 -4.02689710 -0.19008020 -3.15338404 -1.64385273
2.82059097 1.08779382 -3.35069003 -1.10365444 -0.60760057 -2.39154786 -0.00509748 -2.05272695 -0.14479787
3.06246398 1.04895308 -3.56445662 -0.75169451 -0.95617942 -2.74708568 0.08435383 -0.79998067 -0.09712554
3.35985318 1.21302638 -4.00784460 -0.12452842 -1.47659829 -3.69702611 0.06946692 0.18364775 -0.27594582
4.15883882 0.42929152 -4.12734790 -0.91748167 -1.60049561 -2.79579499 -0.79509837 1.90658777 0.83006730
3.60546038 0.66551234 -3.88126439 -0.90424630 -1.54265451 -2.48713179 -0.81372235 2.57444086 0.51420454
3.37747139 -0.35365706 -2.85775773 -2.00863600 -1.17181008 0.00109472 -1.59410203 3.25930405 1.55628974
1.87794434 -0.95248221 -0.96668384 -3.00776372 -0.22473813 2.82588873 -1.79821169 3.17282958 1.78061087
-0.18711261 -1.96304183 1.84077157 -4.77527366 1.41170333 7.10670242 -2.00524100 2.95652083 2.34996069
-2.67445059 -2.73382630 4.83370190 -6.38535409 3.53967400 11.27784369 -1.94821408 2.57838320 2.77851043
-4.65508097 -2.70289281 6.60919959 -6.31164853 5.21699210 12.68528715 -1.31106869 1.91596091 2.67950555
-5.12817921 -2.21470288 6.54657206 -4.16583607 5.38515946 10.79592090 -0.00817657 0.98934377 2.29930949
-3.94717029 -1.98313416 5.23563268 -1.28654189 3.97225970 7.52409406 1.56831637 0.46418172 2.13361989
-3.94665949 -0.85648165 4.19169623 2.34060555 2.87457000 3.83760212 3.74979824 0.24384514 0.65969471
-3.12170484 -1.31507595 3.86167567 3.62021838 2.41959854 4.25808723 3.54559210 1.62593916 1.38659155
-2.94728373 -1.52161964 3.90504598 3.29270156 2.89115864 5.86056651 3.25261415 3.44733811 2.03653320
-2.75946427 -1.52729708 3.78277253 1.87432284 3.56191624 7.35550309 2.77257024 4.67313317 2.54797589
-2.64210833 -1.37235484 3.58447453 -0.01439185 4.46524252 8.75427441 2.32009024 5.37779570 2.93354677
-2.55011873 -0.84520224 3.00179632 -2.13903106 5.21495389 9.08958168 1.75024678 5.38954181 2.67475220
-2.53493818 -0.23092708 2.33060169 -3.86413850 5.59671363 8.39361833 1.10855376 5.03505433 1.89615801
-2.39405347 0.58564094 1.31209379 -5.10497202 5.21864889 6.18460039 0.31992521 4.05708207 0.43590178
-1.72089808 1.30277582 0.02623680 -4.78585631 3.91257936 3.40506870 -0.50881653 2.44204779 -0.87896669
0.46246001 1.29598389 -1.68033289 -4.83621433 0.95376229 0.15864730 -2.62398069 -0.05663743 -1.61186233
0.64508981 2.35987486 -2.75845352 -2.12730855 -1.48237417 -4.22228725 -1.92409040 -1.47931692 -3.33085796
1.38326475 2.35291786 -3.22670184 -2.51346768 -2.45836381 -5.10538694 -2.46805450 -1.70005024 -3.30328705
7.51824261 0.31042366 -6.39319949 -7.94548992 -9.00821462 -8.38626895 -8.48058880 -3.19954923 -1.64132653
10.46694632 0.75644628 -9.48235461 -3.28299356 -13.52834055 -16.28735394 -9.21746347 -5.23352883 -2.27656392
12.48981325 0.72421735 -11.68685945 8.63162240 -14.33819724 -19.71198272 -4.19531254 -4.85166600 -1.36372221
5.56014848 1.99614522 -6.85475440 10.44864191 -7.04614016 -14.92249556 2.46406332 -5.19147561 -2.40203089
-41.24903605 -1.75997670 36.81038020 94.06335424 -37.73472462 -43.16478629 16.63830669 -2.75301400 -11.03791573
0.46027402 1.91088702 -1.99733154 -1.87970574 0.44507422 -3.01214451 -0.63434313 -2.47177280 -0.46053347
0.60654263 1.75744367 -1.95612821 -2.85132792 1.92206060 -1.57845686 -0.08072175 -2.09722587 -1.39552456
1.14506314 0.86242609 -1.62464679 -4.20096526 4.16059933 1.48743909 0.93653762 -1.42567026 -2.57211109
1.78372065 -0.26817087 -1.19711571 -5.70759500 6.15198363 4.68180302 1.62684215 -0.87440191 -2.85023392
2.52851802 -1.05837956 -1.14640288 -7.28007110 7.14464311 6.44759095 1.54073244 -1.12701316 -1.01682804
1.00835325 -0.03571286 -0.78473869 -3.42089375 2.84440546 2.20730417 0.41801569 -0.77810216 0.05167211
1.64284452 -0.64548375 -0.79254322 -5.74241866 4.79442034 4.70407994 0.70137784 -0.69845981 1.43569429
1.90604858 -1.81763454 -0.01960743 -6.60939038 5.51185468 6.90421811 0.70849224 0.12715525 3.85460586
1.21120118 -2.08550481 0.80059474 -5.56695995 4.81662075 6.94596436 0.60820163 1.27709593 4.42598813
0.36474769 -2.29240886 1.72808096 -3.95580641 4.24878486 7.74366961 0.85376049 2.61126420 4.51868502
-0.68297144 -1.99369966 2.39534508 -1.28183473 3.19982653 8.53056141 1.29662277 3.63657430 3.57178973
-1.25319462 -1.81007140 2.77679726 1.20905200 2.03557250 6.62309605 1.59116651 4.09159091 2.77379751
-1.47701546 -1.37219405 2.61325912 3.70177720 0.17293004 2.91577084 1.53502211 3.73235940 1.37971736
-1.42010295 -0.73858834 1.95650090 5.71082574 -2.27645652 -2.01742468 0.93852183 2.57212878 -0.62076805
-1.27919571 -0.27187683 1.34831962 6.62905029 -4.12149623 -5.49100951 0.27531154 1.51425464 -2.06034499
-1.26635039 -0.14289869 1.19933610 6.78687264 -5.01447194 -5.52799145 -0.16834596 1.18678601 -2.53426765
-0.81247396 -0.31011603 1.02486066 3.88006731 -2.78742141 -1.29862735 -0.04256242 1.15557340 -1.04671190
-1.36574227 -0.64385064 1.90336400 5.79098346 -4.03686515 -1.16818929 0.06282685 2.35895242 -1.17019658
-0.63836578 -1.33933540 2.31273211 2.69092743 -0.32337870 2.88618734 1.11954053 3.25177165 1.71799189
-0.54055695 -1.19712797 2.36904078 1.12085704 1.65952339 4.70031104 1.67621985 3.79840073 2.61850977
-0.23808667 -0.99235082 2.25618864 -1.38058565 4.53443490 8.62865284 2.32003847 4.16337214 4.20538332
-0.02775039 -0.64048801 1.89678020 -3.91912918 6.89419290 12.38789613 2.52339257 4.06623009 5.44065651
0.05169887 -0.30523185 1.27164282 -6.08004392 8.03756316 13.09942914 2.07925895 3.30077324 5.67771348
0.04757084 -0.07885509 0.40922619 -7.41837651 7.64857779 11.26001407 1.08740703 1.85010443 4.61971448
0.10837322 0.07996540 -0.56760830 -7.69074318 6.03695440 7.68017067 -0.05870054 0.00672263 2.75557197
0.07696078 0.19255787 -0.95991736 -7.40452998 4.79326389 5.33485052 -0.70094999 -0.76892493 1.46429426
0.05442345 0.17867760 -0.71204924 -4.52009299 2.59686614 2.66182930 -0.61005102 -0.67347067 0.54864076
0.48530352 0.53629688 -1.97505401 -6.21895208 1.94092118 0.25577403 -1.74564751 -2.73479523 -0.85269444
1.27753051 0.79465072 -2.79278597 -4.38235271 -0.71626886 -3.65353584 -2.20842727 -4.43663124 -2.09128420
1.81985823 1.00900289 -3.19923811 -1.67658860 -3.19036569 -7.28914140 -2.30559140 -5.41256666 -3.15763335
2.07018267 0.92577557 -3.00307992 0.48719752 -4.28063614 -8.35686161 -1.91709360 -5.37448013 -3.01174237
