30
-0.13882249 0.03611279 0.13549582 -0.19459959 -0.43837566 0.06324124 0.05840287 0.12869149 0.59010099 -0.07471253 -0.13967082 0.30926145 0.62023771 -0.01474354 -0.02132845 0.09762000 0.31020243 -0.00408589
-0.14065318 0.02781317 0.10442220 -0.19730889 -0.44470107 0.04874930 0.04802119 0.13085264 0.59772868 -0.05321926 -0.09790291 0.31306814 0.62502791 -0.01385344 -0.02833258 0.09307485 0.30194343 -0.01026887
-0.14201986 0.01932490 0.07258888 -0.19933501 -0.44943670 0.03389390 0.03750387 0.13244383 0.60340646 -0.03121554 -0.05523714 0.31589034 0.62853823 -0.01302492 -0.03591800 0.08970977 0.29581446 -0.01685905
-0.14290330 0.01068460 0.04014658 -0.20064595 -0.45250280 0.01874774 0.02688042 0.13344473 0.60711867 -0.00878826 -0.01180608 0.31772012 0.63075778 -0.01223887 -0.04394480 0.08756931 0.29190151 -0.02376070
-0.14328745 0.00193200 0.00726036 -0.20121542 -0.45383456 0.00339062 0.01618319 0.13383832 0.60884439 0.01397103 0.03225471 0.31854662 0.63167121 -0.01147632 -0.05226443 0.08668969 0.29027230 -0.03087069
-0.14315983 -0.00689063 -0.02589345 -0.20102380 -0.45338446 -0.01209213 0.00544659 0.13361137 0.60855635 0.03696626 0.07680522 0.31835568 0.63125773 -0.01071823 -0.06072142 0.08709844 0.29097478 -0.03808035
-0.14251199 -0.01573928 -0.05913097 -0.20005880 -0.45112421 -0.02761152 -0.00529392 0.13275470 0.60622003 0.06009714 0.12169924 0.31712947 0.62949038 -0.00994508 -0.06915518 0.08881390 0.29403570 -0.04527759
-0.14133968 -0.02456900 -0.09226491 -0.19831588 -0.44704578 -0.04307691 -0.01600289 0.13126348 0.60179318 0.08325938 0.16678247 0.31484628 0.62633593 -0.00913642 -0.07740207 0.09184456 0.29945940 -0.05234928
-0.13964297 -0.03333477 -0.12510887 -0.19579844 -0.44116169 -0.05839822 -0.02664594 0.12913741 0.59522567 0.10634506 0.21189055 0.31148046 0.62175520 -0.00827043 -0.08529752 0.09618826 0.30722676 -0.05918359
-0.14855085 0.00142093 0.00535098 -0.20849401 -0.47045076 0.00249897 0.01508517 0.14064215 0.63835989 0.01460938 0.03328547 0.33381934 0.65052287 -0.01131887 -0.05191653 0.07336021 0.26469932 -0.03103785
-0.15527216 0.00246317 0.00930187 -0.21776788 -0.49165153 0.00434415 0.01572766 0.14953415 0.67682732 0.01102585 0.02611155 0.35366379 0.67534886 -0.01126487 -0.04979673 0.05579458 0.23112358 -0.02980921
-0.16192364 0.00354602 0.01343011 -0.22692279 -0.51261560 0.00627219 0.01642330 0.15830602 0.71491078 0.00739902 0.01889825 0.37327174 0.70039464 -0.01122728 -0.04764166 0.03838862 0.19803268 -0.02850815
-0.16786849 0.00463481 0.01760149 -0.23508467 -0.53133630 0.00822039 0.01716934 0.16643387 0.75013733 0.00387311 0.01193614 0.39127506 0.72376122 -0.01119889 -0.04551070 0.02205150 0.16710269 -0.02716135
-0.17379964 0.00577412 0.02199014 -0.24320755 -0.54999738 0.01027004 0.01798069 0.17450825 0.78528798 0.00028588 0.00489838 0.40917076 0.74754710 -0.01118234 -0.04331658 0.00574733 0.13640556 -0.02572719
-0.17916937 0.00694187 0.02650754 -0.25054266 -0.56687468 0.01237978 0.01885818 0.18211780 0.81836814 -0.00327000 -0.00202947 0.42584209 0.77012271 -0.01116638 -0.04108308 -0.00981924 0.10721273 -0.02421267
-0.18440383 0.00816151 0.03124819 -0.25767490 -0.58330965 0.01459372 0.01981439 0.18959745 0.85099462 -0.00686809 -0.00899256 0.44216204 0.79277194 -0.01115365 -0.03877330 -0.02522293 0.07846447 -0.02260220
-0.18932410 0.00943891 0.03623293 -0.26436134 -0.59873938 0.01692157 0.02085782 0.19684841 0.88264846 -0.01051837 -0.01600903 0.45781585 0.81500241 -0.01113602 -0.03635762 -0.04030853 0.05041772 -0.02087137
-0.19391696 0.01077051 0.04144783 -0.27058609 -0.61312291 0.01935678 0.02199871 0.20386335 0.91328983 -0.01418986 -0.02301312 0.47277034 0.83674959 -0.01110674 -0.03384155 -0.05505064 0.02310079 -0.01902905
-0.19840151 0.01219239 0.04703728 -0.27664745 -0.62714687 0.02196676 0.02325255 0.21081418 0.94376906 -0.01799648 -0.03022709 0.48747012 0.85873057 -0.01106898 -0.03115369 -0.06975017 -0.00403799 -0.01701859
-0.20237787 0.01367633 0.05288259 -0.28200568 -0.63955749 0.02469604 0.02463368 0.21746882 0.97284848 -0.02181115 -0.03738861 0.50120781 0.87973019 -0.01099636 -0.02831893 -0.08401242 -0.03033866 -0.01486918
-0.20627596 0.01526728 0.05916946 -0.28724316 -0.65170097 0.02763128 0.02616215 0.22407753 1.00187255 -0.02576895 -0.04475909 0.51472684 0.90103618 -0.01090206 -0.02527459 -0.09823527 -0.05649623 -0.01252603
-0.19854287 0.07421416 0.28635387 -0.27425844 -0.61951643 0.13344620 0.10218187 0.21864056 1.00546866 -0.15869499 -0.29310564 0.51533300 0.90440010 -0.00857385 0.06175666 -0.08549498 -0.03279851 0.06037026
-0.20222423 0.06005556 0.23220100 -0.28011961 -0.63382347 0.10829237 0.08371006 0.22246518 1.01192171 -0.12635098 -0.23197224 0.51858370 0.90879158 -0.00891458 0.04201451 -0.09422526 -0.04893452 0.04368686
-0.20524634 0.04526370 0.17531532 -0.28494958 -0.64564269 0.08181232 0.06449946 0.22547900 1.01684872 -0.09296885 -0.16947768 0.52112842 0.91216214 -0.00946913 0.02049242 -0.10106500 -0.06162667 0.02562030
-0.20751801 0.02994170 0.11612652 -0.28858241 -0.65454413 0.05421542 0.04468693 0.22761954 1.02032640 -0.05869135 -0.10573893 0.52297350 0.91458677 -0.01016055 -0.00244460 -0.10588476 -0.07056925 0.00642589
-0.20895977 0.01421807 0.05519170 -0.29087435 -0.66015528 0.02577387 0.02444462 0.22883369 1.02241006 -0.02368385 -0.04089543 0.52411395 0.91610843 -0.01091726 -0.02637055 -0.10857624 -0.07551014 -0.01357954
-0.20951006 -0.00175744 -0.00682430 -0.29171652 -0.66219577 -0.00318710 0.00397303 0.22907997 1.02312689 0.01186843 0.02488835 0.52453624 0.91673586 -0.01167492 -0.05081252 -0.10905754 -0.07626592 -0.03402896
-0.20913044 -0.01782070 -0.06918340 -0.29104543 -0.66050603 -0.03230638 -0.01650971 0.22833040 1.02247046 0.04776376 0.09142409 0.52422107 0.91644305 -0.01237512 -0.07526792 -0.10727756 -0.07273459 -0.05452308
-0.20780882 -0.03380178 -0.13112006 -0.28884939 -0.65506446 -0.06120954 -0.03678126 0.22657199 1.02039732 0.08378795 0.15850425 0.52314477 0.91516901 -0.01296135 -0.09922367 -0.10321894 -0.06490403 -0.07465303
-0.20556034 -0.04953433 -0.19189148 -0.28516945 -0.64598950 -0.08953357 -0.05662960 0.22380787 1.01682617 0.11971912 0.22590754 0.52127855 0.91281695 -0.01337409 -0.12217654 -0.09689896 -0.05285516 -0.09402483
