601
0.051451 -0.0256525 -0.0256796 0.00448963 0.0114079 -0.0248748 0.00867331 -0.0248111 0.00894774 
0.051451 -0.0256525 -0.0256796 0.00448963 0.0114079 -0.0248748 0.00867331 -0.0248111 0.00894774 
0.0502978 -0.0263383 -0.0260148 0.00405524 0.00925415 -0.0236276 0.00845032 -0.0238762 0.00659364 
0.0490357 -0.0269252 -0.0262785 0.00369782 0.00700277 -0.0223038 0.00828927 -0.0231136 0.00423281 
0.048015 -0.0271391 -0.0263509 0.00317471 0.00540593 -0.0212048 0.00822848 -0.0228309 0.00262242 
0.0472797 -0.027117 -0.0262295 0.00252734 0.00449344 -0.0203622 0.00825462 -0.0229191 0.00178485 
0.0467915 -0.0270903 -0.0259921 0.00201078 0.00408289 -0.0197525 0.00832867 -0.0231832 0.00150305 
0.0465203 -0.0271113 -0.0257663 0.00166457 0.00401158 -0.0193522 0.00839795 -0.0234765 0.00152664 
0.0464426 -0.0271507 -0.0256479 0.00138789 0.00416991 -0.0191332 0.00841811 -0.0237101 0.00165479 
0.0465245 -0.0271829 -0.0256607 0.00112116 0.00447766 -0.0190565 0.00836745 -0.0238371 0.00177668 
0.0467193 -0.0271997 -0.0257715 0.000866491 0.00486965 -0.0190777 0.00824691 -0.0238421 0.00186037 
0.0469761 -0.0272039 -0.0259233 0.000660214 0.00529309 -0.0191553 0.0080731 -0.0237335 0.00192076 
0.0472477 -0.0272011 -0.0260635 0.000543296 0.00570541 -0.0192547 0.00787123 -0.0235405 0.00199056 
0.0474971 -0.0271965 -0.026161 0.000528782 0.00607419 -0.0193506 0.00766667 -0.0233031 0.00209564 
0.0476986 -0.0271935 -0.0262061 0.000583733 0.00637516 -0.0194263 0.00748082 -0.0230634 0.00224019 
0.0478379 -0.027195 -0.0262028 0.000651011 0.00659242 -0.0194728 0.00732871 -0.0228549 0.00240647 
0.0479109 -0.0272033 -0.02616 0.000688749 0.00671945 -0.0194875 0.00721855 -0.0226963 0.00256652 
0.0479223 -0.0272194 -0.0260877 0.000686139 0.00675953 -0.0194731 0.00715236 -0.0225922 0.00269494 
0.0478828 -0.0272427 -0.0259971 0.000655139 0.00672472 -0.0194359 0.00712717 -0.0225379 0.00277619 
0.047807 -0.0272708 -0.0259 0.000615428 0.00663349 -0.0193844 0.00713622 -0.0225241 0.00280619 
0.0477107 -0.0272999 -0.0258085 0.000582687 0.00650758 -0.0193273 0.00717034 -0.0225401 0.00279058 
0.0476178 -0.0273238 -0.0257401 0.000569965 0.00637735 -0.0192796 0.00721192 -0.0225625 0.00274577 
0.0475333 -0.0273416 -0.0256948 0.000567416 0.00625389 -0.0192413 0.0072578 -0.0225935 0.00268171 
0.0474645 -0.0273522 -0.0256719 0.000570505 0.00614916 -0.0192145 0.00730094 -0.0226261 0.00261231 
0.0474174 -0.0273555 -0.0256706 0.000576558 0.00607249 -0.0192014 0.00733455 -0.0226518 0.00254877 
0.0473786 -0.0273555 -0.0256771 0.000587159 0.00600418 -0.019195 0.00736089 -0.0226653 0.00248998 
0.0473792 -0.0273471 -0.0257095 0.000597576 0.00599066 -0.0192087 0.00736522 -0.0226611 0.00245565 
0.0474001 -0.0273353 -0.0257521 0.000611322 0.00600526 -0.019233 0.00735609 -0.0226429 0.00243725 
0.0474351 -0.0273225 -0.0257971 0.000631625 0.0060395 -0.0192638 0.00733471 -0.0226084 0.00243562 
0.0474791 -0.0273101 -0.0258395 0.000659981 0.00608676 -0.0192983 0.00730339 -0.0225591 0.00244978 
0.0475263 -0.0272992 -0.0258757 0.000695637 0.00613934 -0.0193333 0.00726608 -0.0224994 0.00247671 
0.047579 -0.0272883 -0.0259103 0.000745022 0.00619786 -0.0193724 0.00721986 -0.022422 0.0025162 
0.0476389 -0.0272751 -0.0259509 0.000811364 0.00626357 -0.0194178 0.00716728 -0.0223317 0.00256071 
0.047692 -0.0272645 -0.0259813 0.000881626 0.00632131 -0.0194587 0.00711669 -0.0222414 0.0026102 
0.0477121 -0.0272641 -0.0259776 0.000919708 0.00634153 -0.0194758 0.00708615 -0.0221804 0.00265606 
0.0477172 -0.027268 -0.0259599 0.000942752 0.00634372 -0.019483 0.00706478 -0.0221319 0.00269871 
0.0477115 -0.0272735 -0.0259383 0.000957495 0.00633083 -0.0194844 0.00705184 -0.0220945 0.00273 
0.0476971 -0.0272796 -0.0259167 0.000967128 0.00630477 -0.019482 0.0070468 -0.0220675 0.00274662 
0.0476775 -0.0272855 -0.0258981 0.000974617 0.00627016 -0.0194778 0.00704763 -0.0220484 0.00275006 
0.0476567 -0.0272903 -0.0258843 0.000982632 0.00623266 -0.0194741 0.00705164 -0.0220341 0.00274388 
0.0476381 -0.0272935 -0.0258765 0.000993154 0.00619728 -0.0194725 0.00705626 -0.0220215 0.0027321 
0.0476318 -0.0272927 -0.0258821 0.00101889 0.00617529 -0.0194807 0.00705263 -0.0219956 0.00272308 
0.0476315 -0.02729 -0.0258935 0.00104965 0.00616123 -0.0194928 0.00704599 -0.0219665 0.00271544 
0.0476352 -0.0272866 -0.0259064 0.00108237 0.00615334 -0.0195066 0.00703718 -0.0219359 0.00271172 
0.0476424 -0.027283 -0.0259194 0.00111678 0.0061512 -0.0195217 0.00702597 -0.0219029 0.00271344 
0.0476523 -0.0272793 -0.0259318 0.00115282 0.00615363 -0.0195377 0.00701254 -0.0218675 0.00272037 
0.0476639 -0.0272757 -0.0259433 0.0011901 0.00615886 -0.019554 0.00699751 -0.0218301 0.00273151 
0.047676 -0.0272725 -0.0259533 0.00122796 0.00616517 -0.0195702 0.00698159 -0.0217914 0.0027457 
0.0476877 -0.0272697 -0.0259618 0.00126568 0.00617117 -0.0195859 0.00696544 -0.0217523 0.00276179 
0.0476982 -0.0272673 -0.0259685 0.00130267 0.00617586 -0.0196006 0.00694961 -0.0217133 0.00277877 
0.0477072 -0.0272654 -0.0259737 0.00133848 0.00617862 -0.0196144 0.00693452 -0.0216752 0.00279574 
0.0477217 -0.0272619 -0.025984 0.00138783 0.00618637 -0.0196334 0.00691402 -0.0216258 0.00281669 
0.0477346 -0.0272587 -0.0259933 0.00143649 0.00619196 -0.0196515 0.00689463 -0.0215779 0.00283654 
0.0477438 -0.0272566 -0.025999 0.00147963 0.00619335 -0.0196668 0.00687788 -0.0215341 0.00285529 
0.0477497 -0.0272556 -0.0260015 0.00151726 0.006191 -0.0196797 0.00686359 -0.0214945 0.00287291 
0.047753 -0.0272552 -0.0260021 0.00155065 0.00618555 -0.0196907 0.00685142 -0.0214584 0.00288871 
0.0477544 -0.0272551 -0.026002 0.00158123 0.00617765 -0.0197005 0.00684102 -0.0214253 0.00290209 
0.0477545 -0.0272551 -0.0260019 0.0016103 0.0061681 -0.0197095 0.00683194 -0.0213943 0.00291298 
0.0477541 -0.027255 -0.0260025 0.00163905 0.00615785 -0.0197183 0.00682368 -0.0213648 0.00292177 
0.047754 -0.0272546 -0.0260042 0.00166842 0.00614781 -0.0197274 0.00681571 -0.0213359 0.00292913 
0.0477546 -0.0272539 -0.026007 0.00169908 0.00613875 -0.0197369 0.0068076 -0.0213071 0.00293583 
0.047763 -0.0272508 -0.026017 0.00174822 0.00613796 -0.0197533 0.00679291 -0.0212654 0.00294735 
0.0477726 -0.0272474 -0.0260278 0.00179972 0.00613881 -0.0197705 0.00677758 -0.0212228 0.00295952 
0.0477812 -0.0272447 -0.0260365 0.00184793 0.00613906 -0.0197863 0.00676305 -0.0211821 0.00297298 
0.0477886 -0.0272426 -0.0260427 0.00189231 0.00613852 -0.0198008 0.00674931 -0.0211433 0.00298796 
0.0477948 -0.027241 -0.0260471 0.00193352 0.006137 -0.0198141 0.00673638 -0.0211062 0.00300364 
0.0477999 -0.0272398 -0.0260504 0.00197225 0.00613421 -0.0198265 0.0067243 -0.0210707 0.00301905 
0.047804 -0.0272389 -0.0260529 0.00200916 0.00613013 -0.019838 0.00671306 -0.0210366 0.00303357 
0.0478072 -0.027238 -0.0260552 0.0020449 0.00612494 -0.019849 0.00670254 -0.0210037 0.00304693 
0.0478099 -0.0272373 -0.0260575 0.00208008 0.00611903 -0.0198597 0.00669256 -0.0209717 0.00305918 
0.0478124 -0.0272364 -0.0260601 0.00211522 0.0061128 -0.0198703 0.00668292 -0.0209402 0.00307052 
0.0478213 -0.0272336 -0.0260687 0.00216917 0.0061131 -0.0198869 0.00666761 -0.0208968 0.00308603 
0.0478304 -0.0272306 -0.0260777 0.00222415 0.00611372 -0.0199037 0.00665232 -0.0208534 0.00310127 
0.0478456 -0.0272258 -0.0260921 0.00229836 0.00612056 -0.0199265 0.00663143 -0.0207977 0.00312126 
0.0478513 -0.0272243 -0.0260964 0.00234355 0.00611805 -0.0199401 0.00661871 -0.0207597 0.00313732 
0.0478535 -0.0272242 -0.026096 0.00237724 0.00611193 -0.0199502 0.00660859 -0.0207272 0.00315417 
0.0478546 -0.0272245 -0.0260946 0.00240806 0.0061045 -0.0199594 0.00659945 -0.0206965 0.00317012 
0.0478549 -0.0272246 -0.026094 0.00243863 0.00609593 -0.0199683 0.0065911 -0.0206671 0.00318355 
0.0478549 -0.0272245 -0.0260943 0.0024699 0.00608661 -0.0199773 0.00658332 -0.0206384 0.00319444 
0.047855 -0.0272241 -0.0260958 0.00250252 0.0060773 -0.0199865 0.00657573 -0.02061 0.00320359 
0.0478557 -0.0272234 -0.0260984 0.00253696 0.00606873 -0.0199962 0.00656798 -0.0205813 0.0032119 
0.0478634 -0.0272206 -0.0261073 0.00259283 0.00606752 -0.0200124 0.00655425 -0.0205398 0.00322492 
0.047872 -0.0272175 -0.0261168 0.00265097 0.00606767 -0.0200293 0.00654 -0.0204973 0.00323849 
0.0478795 -0.027215 -0.0261243 0.00270472 0.00606713 -0.0200449 0.00652653 -0.0204569 0.00325326 
0.047886 -0.0272131 -0.0261296 0.00275356 0.00606571 -0.0200592 0.00651386 -0.0204185 0.00326944 
0.0478913 -0.0272117 -0.0261332 0.00279839 0.00606325 -0.0200723 0.00650199 -0.0203819 0.00328622 
0.0478956 -0.0272107 -0.0261358 0.00284014 0.00605956 -0.0200844 0.00649095 -0.020347 0.00330262 
0.0478989 -0.02721 -0.0261378 0.00287966 0.00605462 -0.0200958 0.00648071 -0.0203135 0.00331804 
0.0479014 -0.0272093 -0.0261395 0.00291776 0.00604867 -0.0201067 0.00647114 -0.0202813 0.00333223 
0.0479034 -0.0272087 -0.0261414 0.00295519 0.00604206 -0.0201173 0.00646208 -0.0202499 0.00334525 
0.0479053 -0.027208 -0.0261435 0.00299256 0.00603518 -0.0201277 0.00645333 -0.0202191 0.0033573 
0.0479129 -0.0272054 -0.026151 0.00305039 0.00603421 -0.020144 0.00643944 -0.0201763 0.00337336 
0.0479206 -0.0272028 -0.0261588 0.00310911 0.00603357 -0.0201605 0.00642557 -0.0201335 0.00338908 
0.0479269 -0.0272007 -0.0261646 0.00316223 0.00603148 -0.0201754 0.00641288 -0.0200935 0.00340509 
0.0479318 -0.0271994 -0.0261683 0.00320967 0.00602803 -0.0201888 0.0064013 -0.020056 0.00342165 
0.0479421 -0.0271963 -0.0261768 0.00327736 0.00603013 -0.0202079 0.00638468 -0.0200065 0.00344279 
0.0479448 -0.0271956 -0.0261784 0.00331754 0.00602426 -0.0202192 0.00637496 -0.0199731 0.00345837 
0.0479447 -0.027196 -0.026177 0.003348 0.00601531 -0.0202279 0.00636735 -0.0199446 0.0034734 
0.0479441 -0.0271964 -0.0261757 0.00337751 0.00600573 -0.0202363 0.00636028 -0.019917 0.00348715 
0.0479436 -0.0271965 -0.0261755 0.00340854 0.005996 -0.0202449 0.00635346 -0.0198897 0.00349874 
0.0479433 -0.0271962 -0.0261766 0.00344172 0.00598649 -0.0202539 0.0063467 -0.0198623 0.00350852 
0.047949 -0.027194 -0.0261835 0.00349763 0.00598325 -0.0202691 0.00633473 -0.0198222 0.00352192 
0.0479555 -0.0271914 -0.0261913 0.00355605 0.00598113 -0.020285 0.00632235 -0.0197813 0.00353521 
0.0479612 -0.0271893 -0.0261974 0.00361007 0.00597843 -0.0202998 0.00631068 -0.0197423 0.00354936 
0.047966 -0.0271877 -0.0262018 0.00365924 0.00597511 -0.0203134 0.00629967 -0.0197053 0.00356479 
0.0479701 -0.0271865 -0.0262049 0.00370458 0.00597111 -0.0203261 0.00628928 -0.0196699 0.00358085 
0.0479734 -0.0271856 -0.0262072 0.00374708 0.00596628 -0.020338 0.00627951 -0.019636 0.00359672 
0.047976 -0.0271849 -0.0262091 0.00378758 0.00596061 -0.0203493 0.00627033 -0.0196034 0.00361187 
0.0479781 -0.0271843 -0.0262108 0.00382686 0.00595424 -0.0203602 0.00626164 -0.0195717 0.00362607 
0.0479852 -0.0271821 -0.0262169 0.0038865 0.00595307 -0.0203766 0.00624826 -0.0195281 0.0036447 
0.0479919 -0.0271799 -0.026223 0.00394563 0.00595142 -0.0203928 0.00623529 -0.0194851 0.0036624 
0.0479968 -0.0271782 -0.0262274 0.00399809 0.00594771 -0.0204071 0.00622389 -0.0194458 0.00367895 
0.0480001 -0.0271772 -0.02623 0.00404415 0.00594228 -0.0204198 0.00621375 -0.0194097 0.00369534 
0.0480023 -0.0271766 -0.0262315 0.0040858 0.00593566 -0.0204313 0.00620458 -0.0193759 0.00371128 
0.0480037 -0.0271762 -0.0262325 0.00412466 0.00592811 -0.0204421 0.00619618 -0.019344 0.00372621 
0.0480046 -0.0271759 -0.0262335 0.00416203 0.00591991 -0.0204524 0.0061884 -0.0193133 0.00373983 
0.0480051 -0.0271755 -0.0262347 0.00419889 0.00591141 -0.0204625 0.00618102 -0.0192835 0.00375223 
0.0480057 -0.0271751 -0.0262363 0.00423603 0.00590298 -0.0204726 0.00617382 -0.019254 0.00376369 
0.0480065 -0.0271744 -0.0262384 0.00427396 0.00589495 -0.0204829 0.00616663 -0.0192246 0.00377459 
0.0480077 -0.0271737 -0.0262409 0.00431297 0.00588754 -0.0204934 0.00615929 -0.0191949 0.0037853 
0.0480094 -0.0271727 -0.0262438 0.00435313 0.00588086 -0.0205043 0.00615171 -0.0191647 0.00379617 
0.0480163 -0.0271701 -0.0262511 0.00441478 0.00587986 -0.0205208 0.00613938 -0.019122 0.00381173 
0.0480236 -0.0271675 -0.0262584 0.00447736 0.00587949 -0.0205376 0.00612681 -0.0190788 0.00382782 
0.0480297 -0.0271654 -0.0262639 0.00453385 0.00587788 -0.0205529 0.00611514 -0.0190382 0.00384491 
0.0480345 -0.0271641 -0.0262673 0.00458391 0.00587487 -0.0205667 0.0061044 -0.0190002 0.00386299 
0.0480381 -0.0271632 -0.0262693 0.00462883 0.00587046 -0.0205793 0.00609457 -0.0189646 0.00388119 
0.0480405 -0.0271627 -0.0262704 0.00466993 0.00586463 -0.0205908 0.00608563 -0.0189311 0.00389857 
0.048042 -0.0271624 -0.0262711 0.00470843 0.00585755 -0.0206015 0.00607749 -0.0188993 0.00391458 
0.0480428 -0.0271621 -0.0262717 0.00474544 0.00584955 -0.0206118 0.00607 -0.0188688 0.00392907 
0.0480433 -0.0271618 -0.0262726 0.00478187 0.00584105 -0.0206218 0.00606296 -0.0188391 0.00394216 
0.0480436 -0.0271615 -0.0262739 0.00481848 0.00583246 -0.0206318 0.00605617 -0.0188099 0.00395416 
0.0480486 -0.0271595 -0.0262794 0.00487604 0.00582881 -0.0206471 0.00604522 -0.0187689 0.0039696 
0.0480538 -0.0271573 -0.0262853 0.00493459 0.00582561 -0.0206627 0.00603423 -0.0187276 0.00398468 
0.0480579 -0.0271557 -0.0262897 0.00498755 0.00582137 -0.020677 0.00602412 -0.0186889 0.00400019 
0.0480611 -0.0271547 -0.0262925 0.00503484 0.00581612 -0.0206899 0.00601483 -0.0186528 0.00401639 
0.0480634 -0.027154 -0.0262943 0.00507784 0.00580996 -0.0207018 0.00600624 -0.0186188 0.00403268 
0.048065 -0.0271535 -0.0262954 0.00511787 0.00580294 -0.020713 0.00599831 -0.0185865 0.00404834 
0.0480659 -0.0271532 -0.0262963 0.00515604 0.0057952 -0.0207236 0.00599094 -0.0185556 0.00406299 
0.0480665 -0.0271528 -0.0262973 0.00519327 0.00578699 -0.0207339 0.00598399 -0.0185255 0.00407652 
0.048067 -0.0271524 -0.0262985 0.0052303 0.00577862 -0.020744 0.00597731 -0.018496 0.00408908 
0.0480674 -0.027152 -0.0263 0.00526767 0.00577036 -0.0207542 0.00597075 -0.0184667 0.00410093 
0.0480723 -0.02715 -0.0263055 0.00532575 0.00576686 -0.0207697 0.0059602 -0.0184254 0.00411639 
0.0480774 -0.0271479 -0.0263113 0.00538468 0.0057638 -0.0207853 0.0059496 -0.0183839 0.00413171 
0.0480814 -0.0271463 -0.0263155 0.00543783 0.00575966 -0.0207997 0.00593983 -0.018345 0.0041476 
0.0480845 -0.0271452 -0.0263182 0.00548509 0.00575442 -0.0208126 0.00593085 -0.0183087 0.00416424 
0.0480866 -0.0271446 -0.0263197 0.00552784 0.00574818 -0.0208245 0.0059226 -0.0182747 0.00418096 
0.048088 -0.0271442 -0.0263206 0.00556742 0.00574099 -0.0208356 0.00591501 -0.0182425 0.00419702 
0.0480887 -0.027144 -0.0263213 0.00560497 0.00573299 -0.0208461 0.00590801 -0.0182118 0.00421197 
0.048089 -0.0271437 -0.026322 0.00564147 0.00572445 -0.0208563 0.00590146 -0.018182 0.00422571 
0.0480891 -0.0271434 -0.0263229 0.0056777 0.0057157 -0.0208663 0.00589521 -0.0181528 0.00423839 
0.0480892 -0.027143 -0.0263242 0.00571425 0.00570702 -0.0208763 0.0058891 -0.0181239 0.00425026 
0.0480934 -0.0271412 -0.0263292 0.00577122 0.00570284 -0.0208915 0.00587928 -0.018083 0.00426551 
0.0480979 -0.0271392 -0.0263346 0.00582906 0.0056991 -0.0209068 0.00586942 -0.0180419 0.00428056 
0.0481014 -0.0271377 -0.0263385 0.00588125 0.00569434 -0.0209209 0.00586033 -0.0180035 0.00429615 
0.0481039 -0.0271368 -0.0263408 0.00592769 0.00568856 -0.0209336 0.00585196 -0.0179677 0.0043125 
0.0481057 -0.0271362 -0.0263422 0.00596974 0.00568187 -0.0209454 0.00584425 -0.017934 0.00432896 
0.0481067 -0.0271359 -0.026343 0.00600871 0.00567431 -0.0209564 0.00583715 -0.0179022 0.0043448 
0.0481072 -0.0271357 -0.0263436 0.00604574 0.00566602 -0.0209668 0.0058306 -0.0178717 0.00435961 
0.0481072 -0.0271355 -0.0263443 0.00608178 0.00565726 -0.0209768 0.00582446 -0.0178422 0.00437327 
0.0481071 -0.0271352 -0.0263451 0.00611757 0.00564832 -0.0209868 0.00581859 -0.0178132 0.00438591 
0.048107 -0.0271349 -0.0263463 0.00615367 0.00563947 -0.0209967 0.00581285 -0.0177845 0.00439777 
0.0481107 -0.0271331 -0.026351 0.00620987 0.00563486 -0.0210117 0.00580366 -0.0177439 0.0044129 
0.0481147 -0.0271312 -0.026356 0.00626687 0.00563067 -0.0210268 0.00579443 -0.017703 0.00442783 
0.0481178 -0.0271299 -0.0263596 0.00631826 0.00562549 -0.0210407 0.00578593 -0.0176648 0.00444331 
0.0481199 -0.027129 -0.0263618 0.00636394 0.00561932 -0.0210533 0.0057781 -0.0176293 0.00445956 
0.0481213 -0.0271285 -0.026363 0.00640526 0.00561226 -0.0210648 0.00577088 -0.017596 0.00447592 
0.0481221 -0.0271282 -0.0263636 0.00644353 0.00560437 -0.0210757 0.00576425 -0.0175644 0.00449167 
0.0481222 -0.0271281 -0.0263641 0.0064799 0.00559578 -0.0210859 0.00575812 -0.0175343 0.00450641 
0.048122 -0.0271279 -0.0263646 0.00651528 0.00558675 -0.0210959 0.0057524 -0.017505 0.00452002 
0.0481217 -0.0271277 -0.0263653 0.00655043 0.00557756 -0.0211057 0.00574694 -0.0174763 0.00453262 
0.0481213 -0.0271274 -0.0263664 0.0065859 0.00556846 -0.0211155 0.0057416 -0.0174479 0.00454444 
0.0481245 -0.0271258 -0.0263708 0.00664111 0.00556337 -0.0211302 0.00573306 -0.0174076 0.00455938 
0.048128 -0.027124 -0.0263754 0.00669711 0.00555868 -0.0211451 0.0057245 -0.017367 0.00457411 
0.0481306 -0.0271227 -0.0263788 0.00674759 0.00555305 -0.0211588 0.00571661 -0.0173291 0.0045894 
0.0481324 -0.0271219 -0.0263808 0.00679243 0.00554647 -0.0211712 0.00570933 -0.0172939 0.00460547 
0.0481334 -0.0271215 -0.0263818 0.00683298 0.00553904 -0.0211826 0.00570261 -0.0172609 0.00462168 
0.0481339 -0.0271213 -0.0263824 0.00687055 0.00553082 -0.0211933 0.00569644 -0.0172297 0.00463731 
0.0481338 -0.0271212 -0.0263827 0.00690624 0.00552196 -0.0212034 0.00569074 -0.0171998 0.00465195 
0.0481333 -0.027121 -0.0263832 0.00694098 0.00551269 -0.0212132 0.00568542 -0.0171708 0.00466549 
0.0481327 -0.0271209 -0.0263838 0.00697549 0.00550327 -0.0212229 0.00568035 -0.0171424 0.00467804 
0.0481321 -0.0271206 -0.0263847 0.00701032 0.00549395 -0.0212326 0.00567541 -0.0171141 0.00468982 
0.0481348 -0.0271191 -0.0263888 0.00706453 0.00548841 -0.0212471 0.00566752 -0.0170742 0.00470459 
0.0481378 -0.0271174 -0.0263931 0.00711951 0.00548325 -0.0212617 0.00565962 -0.0170339 0.00471913 
0.04814 -0.0271162 -0.0263962 0.00716903 0.00547718 -0.0212751 0.00565233 -0.0169963 0.00473425 
0.0481413 -0.0271155 -0.026398 0.007213 0.0054702 -0.0212873 0.00564559 -0.0169614 0.00475014 
0.0481421 -0.0271151 -0.026399 0.00725274 0.0054624 -0.0212985 0.00563937 -0.0169287 0.00476618 
0.0481422 -0.0271149 -0.0263994 0.00728955 0.00545386 -0.021309 0.00563366 -0.0168978 0.00478167 
0.0481418 -0.0271149 -0.0263997 0.00732452 0.00544471 -0.021319 0.00562839 -0.0168682 0.0047962 
0.0481411 -0.0271148 -0.0264 0.00735857 0.00543518 -0.0213287 0.00562348 -0.0168395 0.00480965 
0.0481403 -0.0271147 -0.0264005 0.00739241 0.00542552 -0.0213383 0.00561881 -0.0168113 0.00482213 
0.0481394 -0.0271145 -0.0264013 0.00742656 0.00541596 -0.0213478 0.00561426 -0.0167833 0.00483384 
0.0481417 -0.027113 -0.0264051 0.00747973 0.00540997 -0.021362 0.00560702 -0.0167436 0.00484841 
0.0481441 -0.0271114 -0.0264092 0.00753365 0.00540434 -0.0213764 0.00559979 -0.0167037 0.00486273 
0.0481459 -0.0271103 -0.0264121 0.00758219 0.00539784 -0.0213895 0.0055931 -0.0166664 0.00487766 
0.0481469 -0.0271096 -0.0264137 0.00762526 0.00539047 -0.0214015 0.0055869 -0.0166318 0.00489337 
0.0481473 -0.0271093 -0.0264145 0.00766417 0.00538231 -0.0214125 0.00558118 -0.0165994 0.00490924 
0.0481471 -0.0271092 -0.0264148 0.0077002 0.00537346 -0.0214228 0.00557591 -0.0165688 0.00492459 
0.0481464 -0.0271092 -0.026415 0.00773444 0.00536403 -0.0214327 0.00557107 -0.0165394 0.004939 
0.0481455 -0.0271092 -0.0264152 0.00776777 0.00535426 -0.0214422 0.00556656 -0.016511 0.00495236 
0.0481444 -0.0271091 -0.0264156 0.00780091 0.00534437 -0.0214516 0.00556228 -0.0164831 0.00496476 
0.0481433 -0.0271089 -0.0264163 0.00783436 0.00533459 -0.021461 0.00555813 -0.0164554 0.00497641 
0.0481451 -0.0271075 -0.0264199 0.00788646 0.00532815 -0.0214749 0.00555154 -0.016416 0.00499078 
0.0481471 -0.027106 -0.0264237 0.00793929 0.00532207 -0.021489 0.00554497 -0.0163763 0.00500489 
0.0481484 -0.0271049 -0.0264264 0.00798683 0.00531515 -0.0215019 0.00553888 -0.0163394 0.00501962 
0.048149 -0.0271044 -0.0264279 0.00802898 0.00530738 -0.0215136 0.00553322 -0.0163051 0.00503513 
0.0481491 -0.0271041 -0.0264285 0.00806704 0.00529888 -0.0215244 0.00552799 -0.016273 0.00505083 
0.0481486 -0.027104 -0.0264288 0.00810227 0.0052897 -0.0215345 0.00552317 -0.0162426 0.00506601 
0.0481477 -0.0271041 -0.0264288 0.00813574 0.00528 -0.0215442 0.00551875 -0.0162136 0.0050803 
0.0481465 -0.0271041 -0.026429 0.00816834 0.00526997 -0.0215535 0.00551464 -0.0161855 0.00509355 
0.0481452 -0.0271041 -0.0264293 0.00820077 0.00525985 -0.0215627 0.00551076 -0.0161578 0.00510585 
0.0481438 -0.0271039 -0.0264299 0.0082335 0.00524984 -0.021572 0.005507 -0.0161303 0.00511742 
0.0481452 -0.0271026 -0.0264332 0.00828452 0.00524296 -0.0215856 0.00550107 -0.0160913 0.00513156 
0.0481467 -0.0271011 -0.0264368 0.00833625 0.00523643 -0.0215993 0.00549516 -0.0160519 0.00514546 
0.0481476 -0.0271001 -0.0264393 0.00838278 0.00522909 -0.021612 0.00548967 -0.0160152 0.00515997 
0.0481478 -0.0270996 -0.0264406 0.00842399 0.00522095 -0.0216234 0.00548455 -0.0159812 0.00517529 
0.0481476 -0.0270994 -0.0264412 0.00846118 0.0052121 -0.021634 0.00547979 -0.0159495 0.0051908 
0.0481468 -0.0270994 -0.0264413 0.0084956 0.00520262 -0.0216439 0.00547542 -0.0159194 0.00520584 
0.0481456 -0.0270995 -0.0264413 0.0085283 0.00519265 -0.0216534 0.00547141 -0.0158907 0.00521999 
0.0481442 -0.0270995 -0.0264413 0.00856016 0.00518238 -0.0216625 0.0054677 -0.0158628 0.00523314 
0.0481426 -0.0270995 -0.0264416 0.00859185 0.00517203 -0.0216716 0.0054642 -0.0158354 0.00524535 
0.048141 -0.0270994 -0.026442 0.00862385 0.0051618 -0.0216806 0.00546083 -0.0158082 0.00525683 
0.0481419 -0.0270982 -0.0264452 0.00867377 0.0051545 -0.0216939 0.00545554 -0.0157694 0.00527077 
0.048143 -0.0270968 -0.0264486 0.00872439 0.00514752 -0.0217073 0.00545029 -0.0157303 0.00528444 
0.0481435 -0.0270958 -0.0264509 0.00876988 0.00513978 -0.0217197 0.0054454 -0.0156939 0.00529875 
0.0481434 -0.0270954 -0.026452 0.00881014 0.00513125 -0.0217309 0.00544081 -0.0156603 0.00531386 
0.0481428 -0.0270952 -0.0264525 0.00884645 0.00512206 -0.0217412 0.00543653 -0.0156288 0.00532918 
0.0481417 -0.0270953 -0.0264525 0.00888003 0.00511228 -0.0217508 0.0054326 -0.0155991 0.00534405 
0.0481403 -0.0270954 -0.0264524 0.00891194 0.00510203 -0.0217601 0.005429 -0.0155706 0.00535805 
0.0481386 -0.0270955 -0.0264524 0.00894303 0.00509151 -0.021769 0.00542568 -0.015543 0.00537107 
0.0481367 -0.0270955 -0.0264525 0.00897397 0.00508093 -0.0217778 0.00542257 -0.0155159 0.00538318 
0.0481349 -0.0270954 -0.0264529 0.00900522 0.00507047 -0.0217866 0.00541958 -0.0154889 0.00539456 
0.0481354 -0.0270942 -0.0264559 0.00905403 0.00506273 -0.0217996 0.00541494 -0.0154504 0.00540826 
0.048136 -0.0270929 -0.026459 0.00910353 0.00505531 -0.0218127 0.00541036 -0.0154116 0.0054217 
0.048136 -0.027092 -0.0264612 0.00914799 0.00504717 -0.0218247 0.00540605 -0.0153756 0.00543578 
0.0481356 -0.0270916 -0.0264622 0.00918731 0.00503828 -0.0218356 0.00540199 -0.0153422 0.00545069 
0.0481347 -0.0270915 -0.0264625 0.00922273 0.00502876 -0.0218457 0.00539818 -0.015311 0.00546583 
0.0481333 -0.0270915 -0.0264625 0.00925549 0.00501869 -0.0218551 0.00539467 -0.0152816 0.00548053 
0.0481316 -0.0270917 -0.0264623 0.00928661 0.00500818 -0.0218641 0.00539147 -0.0152534 0.0054944 
0.0481297 -0.0270918 -0.0264622 0.00931694 0.00499743 -0.0218728 0.00538853 -0.0152261 0.0055073 
0.0481276 -0.0270918 -0.0264622 0.00934712 0.00498663 -0.0218814 0.0053858 -0.0151992 0.00551931 
0.0481256 -0.0270918 -0.0264625 0.00937764 0.00497595 -0.02189 0.00538319 -0.0151724 0.00553059 
0.0481256 -0.0270906 -0.0264653 0.00942535 0.0049678 -0.0219026 0.00537919 -0.0151342 0.00554408 
0.0481257 -0.0270893 -0.0264683 0.00947374 0.00495996 -0.0219153 0.00537526 -0.0150958 0.0055573 
0.0481254 -0.0270885 -0.0264703 0.00951717 0.00495143 -0.021927 0.00537154 -0.01506 0.00557117 
0.0481246 -0.0270881 -0.0264712 0.00955554 0.00494218 -0.0219376 0.00536799 -0.0150269 0.00558587 
0.0481234 -0.0270881 -0.0264714 0.00959007 0.00493233 -0.0219474 0.00536464 -0.0149961 0.00560081 
0.0481217 -0.0270882 -0.0264713 0.009622 0.00492195 -0.0219565 0.00536155 -0.0149669 0.00561534 
0.0481198 -0.0270883 -0.026471 0.00965232 0.00491118 -0.0219652 0.00535874 -0.014939 0.00562906 
0.0481176 -0.0270885 -0.0264708 0.00968188 0.00490019 -0.0219737 0.00535619 -0.0149119 0.00564183 
0.0481153 -0.0270886 -0.0264708 0.00971131 0.00488915 -0.021982 0.00535382 -0.0148853 0.00565372 
0.048113 -0.0270886 -0.026471 0.00974107 0.00487825 -0.0219904 0.00535159 -0.0148588 0.00566489 
0.0481126 -0.0270874 -0.0264736 0.00978769 0.00486968 -0.0220026 0.00534823 -0.0148209 0.00567813 
0.0481123 -0.0270862 -0.0264764 0.00983497 0.00486141 -0.022015 0.00534495 -0.0147827 0.00569111 
0.0481116 -0.0270854 -0.0264782 0.00987736 0.00485248 -0.0220263 0.00534181 -0.0147472 0.00570476 
0.0481104 -0.027085 -0.0264791 0.00991477 0.00484288 -0.0220366 0.00533876 -0.0147145 0.00571926 
0.0481089 -0.027085 -0.0264792 0.0099484 0.00483271 -0.022046 0.00533586 -0.0146839 0.00573401 
0.048107 -0.0270851 -0.026479 0.00997947 0.00482206 -0.0220548 0.00533318 -0.014655 0.00574837 
0.0481047 -0.0270853 -0.0264786 0.010009 0.00481103 -0.0220633 0.00533075 -0.0146274 0.00576194 
0.0481023 -0.0270855 -0.0264783 0.0100377 0.00479981 -0.0220715 0.00532856 -0.0146006 0.00577459 
0.0480998 -0.0270856 -0.0264782 0.0100664 0.00478856 -0.0220795 0.00532655 -0.0145742 0.00578637 
0.0480973 -0.0270856 -0.0264783 0.0100954 0.00477744 -0.0220876 0.00532469 -0.0145479 0.00579743 
0.0480964 -0.0270845 -0.0264808 0.0101409 0.00476847 -0.0220995 0.00532195 -0.0145103 0.00581046 
0.0480957 -0.0270833 -0.0264834 0.010187 0.00475979 -0.0221114 0.00531931 -0.0144725 0.00582321 
0.0480946 -0.0270825 -0.0264851 0.0102284 0.00475048 -0.0221224 0.00531674 -0.0144373 0.00583663 
0.0480931 -0.0270822 -0.0264858 0.0102648 0.00474054 -0.0221322 0.00531418 -0.0144048 0.00585092 
0.0480912 -0.0270822 -0.0264858 0.0102976 0.00473005 -0.0221413 0.00531172 -0.0143745 0.00586548 
0.048089 -0.0270824 -0.0264855 0.0103278 0.00471911 -0.0221499 0.00530943 -0.0143459 0.00587967 
0.0480866 -0.0270826 -0.0264851 0.0103565 0.00470783 -0.022158 0.00530737 -0.0143186 0.00589308 
0.0480839 -0.0270828 -0.0264847 0.0103844 0.00469637 -0.0221659 0.00530553 -0.014292 0.0059056 
0.0480811 -0.0270829 -0.0264845 0.0104123 0.0046849 -0.0221737 0.00530388 -0.0142659 0.00591725 
0.0480784 -0.0270829 -0.0264846 0.0104405 0.00467356 -0.0221815 0.00530237 -0.0142398 0.00592819 
0.0480771 -0.0270818 -0.0264868 0.010485 0.00466419 -0.0221929 0.00530025 -0.0142025 0.00594098 
0.048076 -0.0270806 -0.0264893 0.01053 0.0046551 -0.0222044 0.00529823 -0.014165 0.00595349 
0.0480745 -0.0270799 -0.0264909 0.0105703 0.00464542 -0.0222149 0.00529622 -0.0141301 0.0059667 
0.0480726 -0.0270796 -0.0264915 0.0106058 0.00463513 -0.0222244 0.00529415 -0.0140979 0.00598077 
0.0480705 -0.0270796 -0.0264914 0.0106376 0.00462434 -0.0222332 0.0052921 -0.0140679 0.00599514 
0.048068 -0.0270798 -0.026491 0.010667 0.00461313 -0.0222413 0.0052902 -0.0140396 0.00600916 
0.0480653 -0.0270801 -0.0264905 0.0106948 0.0046016 -0.0222491 0.00528849 -0.0140125 0.00602243 
0.0480624 -0.0270803 -0.02649 0.010722 0.00458991 -0.0222567 0.00528699 -0.0139862 0.00603481 
0.0480594 -0.0270804 -0.0264898 0.0107491 0.00457823 -0.0222642 0.00528567 -0.0139603 0.00604634 
0.0480564 -0.0270804 -0.0264897 0.0107766 0.00456668 -0.0222717 0.0052845 -0.0139344 0.00605717 
0.0480547 -0.0270794 -0.0264918 0.0108199 0.00455691 -0.0222827 0.00528298 -0.0138974 0.00606973 
0.0480531 -0.0270782 -0.0264942 0.0108638 0.00454743 -0.0222937 0.00528158 -0.0138601 0.00608201 
0.0480513 -0.0270774 -0.0264956 0.0109031 0.00453737 -0.0223038 0.0052801 -0.0138256 0.00609499 
0.0480491 -0.0270772 -0.0264961 0.0109376 0.00452675 -0.0223129 0.0052785 -0.0137937 0.00610886 
0.0480466 -0.0270772 -0.0264959 0.0109685 0.00451565 -0.0223212 0.00527686 -0.0137639 0.00612303 
0.0480439 -0.0270774 -0.0264954 0.010997 0.00450416 -0.022329 0.00527532 -0.0137359 0.00613687 
0.0480409 -0.0270777 -0.0264948 0.011024 0.00449239 -0.0223364 0.00527395 -0.013709 0.00614998 
0.0480378 -0.0270779 -0.0264943 0.0110504 0.00448047 -0.0223437 0.00527277 -0.013683 0.00616222 
0.0480345 -0.027078 -0.0264939 0.0110767 0.00446857 -0.0223508 0.00527178 -0.0136573 0.00617362 
0.0480313 -0.0270781 -0.0264938 0.0111034 0.0044568 -0.022358 0.00527093 -0.0136317 0.00618433 
0.0480292 -0.027077 -0.0264958 0.0111456 0.00444665 -0.0223685 0.00527001 -0.013595 0.00619665 
0.0480272 -0.0270758 -0.026498 0.0111885 0.00443676 -0.022379 0.0052692 -0.013558 0.00620868 
0.048025 -0.0270751 -0.0264993 0.0112267 0.00442635 -0.0223886 0.00526825 -0.0135237 0.00622144 
0.0480224 -0.0270748 -0.0264996 0.0112602 0.0044154 -0.0223973 0.00526708 -0.0134921 0.0062351 
0.0480197 -0.0270749 -0.0264994 0.0112902 0.004404 -0.0224052 0.00526583 -0.0134626 0.00624908 
0.0480167 -0.0270751 -0.0264988 0.0113179 0.00439225 -0.0224126 0.00526463 -0.0134348 0.00626275 
0.0480135 -0.0270754 -0.0264981 0.0113441 0.00438023 -0.0224196 0.00526358 -0.0134083 0.00627571 
0.0480101 -0.0270756 -0.0264975 0.0113697 0.0043681 -0.0224265 0.00526271 -0.0133824 0.00628781 
0.0480066 -0.0270757 -0.026497 0.0113952 0.00435598 -0.0224333 0.00526202 -0.013357 0.00629909 
0.0480031 -0.0270758 -0.0264968 0.0114211 0.00434401 -0.0224401 0.00526148 -0.0133316 0.00630968 
0.0480007 -0.0270747 -0.0264986 0.0114622 0.00433348 -0.02245 0.00526112 -0.0132952 0.00632177 
0.0479983 -0.0270735 -0.0265007 0.0115039 0.0043232 -0.0224601 0.0052609 -0.0132585 0.00633356 
0.0479956 -0.0270727 -0.0265019 0.0115411 0.00431243 -0.0224692 0.00526045 -0.0132244 0.0063461 
0.0479928 -0.0270725 -0.0265021 0.0115737 0.00430116 -0.0224774 0.0052597 -0.0131931 0.00635956 
0.0479897 -0.0270726 -0.0265017 0.0116028 0.00428947 -0.0224848 0.00525882 -0.0131639 0.00637334 
0.0479865 -0.0270728 -0.0265011 0.0116295 0.00427745 -0.0224918 0.00525794 -0.0131364 0.00638683 
0.047983 -0.0270731 -0.0265003 0.0116549 0.0042652 -0.0224984 0.00525719 -0.01311 0.00639963 
0.0479794 -0.0270733 -0.0264996 0.0116797 0.00425284 -0.0225049 0.00525661 -0.0130844 0.00641159 
0.0479757 -0.0270734 -0.026499 0.0117044 0.00424051 -0.0225112 0.00525621 -0.0130592 0.00642273 
0.047972 -0.0270734 -0.0264987 0.0117295 0.00422832 -0.0225176 0.00525597 -0.013034 0.00643319 
0.0479691 -0.0270723 -0.0265004 0.0117696 0.00421741 -0.0225271 0.00525615 -0.0129979 0.00644504 
0.0479663 -0.0270711 -0.0265023 0.0118102 0.00420675 -0.0225366 0.00525648 -0.0129614 0.00645659 
0.0479633 -0.0270704 -0.0265034 0.0118464 0.00419563 -0.0225451 0.00525651 -0.0129277 0.0064689 
0.0479601 -0.0270701 -0.0265035 0.011878 0.00418404 -0.0225528 0.00525617 -0.0128966 0.00648215 
0.0479568 -0.0270702 -0.0265031 0.0119062 0.00417207 -0.0225598 0.00525562 -0.0128677 0.00649574 
0.0479533 -0.0270704 -0.0265023 0.011932 0.00415979 -0.0225663 0.00525505 -0.0128404 0.00650906 
0.0479495 -0.0270707 -0.0265014 0.0119566 0.00414731 -0.0225725 0.00525457 -0.0128143 0.00652171 
0.0479457 -0.0270709 -0.0265006 0.0119805 0.00413474 -0.0225785 0.00525426 -0.0127889 0.00653353 
0.0479418 -0.0270711 -0.0264999 0.0120045 0.00412221 -0.0225844 0.00525412 -0.0127639 0.00654455 
0.0479378 -0.0270711 -0.0264995 0.0120288 0.00410982 -0.0225904 0.00525415 -0.012739 0.00655489 
0.0479346 -0.0270699 -0.0265011 0.0120677 0.00409854 -0.0225993 0.00525486 -0.0127031 0.0065665 
0.0479314 -0.0270687 -0.0265029 0.0121073 0.0040875 -0.0226082 0.00525571 -0.0126669 0.00657782 
0.047928 -0.0270679 -0.0265038 0.0121424 0.00407604 -0.0226162 0.00525619 -0.0126334 0.00658991 
0.0479245 -0.0270676 -0.0265038 0.012173 0.00406414 -0.0226233 0.00525623 -0.0126026 0.00660295 
0.0479209 -0.0270677 -0.0265032 0.0122003 0.00405188 -0.0226297 0.00525599 -0.0125739 0.00661635 
0.0479171 -0.027068 -0.0265023 0.0122253 0.00403935 -0.0226357 0.0052557 -0.0125469 0.0066295 
0.0479131 -0.0270682 -0.0265014 0.012249 0.00402664 -0.0226414 0.00525548 -0.012521 0.00664199 
0.047909 -0.0270684 -0.0265004 0.0122721 0.00401385 -0.022647 0.00525541 -0.0124959 0.00665366 
0.0479049 -0.0270685 -0.0264997 0.0122953 0.00400111 -0.0226525 0.00525552 -0.0124711 0.00666454 
0.0479007 -0.0270685 -0.0264992 0.0123188 0.00398852 -0.022658 0.0052558 -0.0124463 0.00667474 
0.047897 -0.0270673 -0.0265007 0.0123566 0.00397687 -0.0226663 0.005257 -0.0124107 0.00668611 
0.0478934 -0.027066 -0.0265023 0.0123951 0.00396546 -0.0226745 0.00525836 -0.0123747 0.00669718 
0.0478897 -0.0270652 -0.0265031 0.0124292 0.00395366 -0.0226819 0.00525927 -0.0123415 0.00670905 
0.0478859 -0.027065 -0.026503 0.0124589 0.00394145 -0.0226885 0.00525965 -0.0123109 0.00672188 
0.047882 -0.027065 -0.0265023 0.0124852 0.00392893 -0.0226944 0.0052597 -0.0122825 0.0067351 
0.0478779 -0.0270653 -0.0265013 0.0125093 0.00391615 -0.0226998 0.00525966 -0.0122557 0.00674807 
0.0478737 -0.0270655 -0.0265002 0.0125322 0.00390321 -0.022705 0.00525967 -0.01223 0.00676041 
0.0478694 -0.0270657 -0.0264992 0.0125545 0.00389022 -0.0227101 0.00525982 -0.0122051 0.00677194 
0.047865 -0.0270658 -0.0264983 0.0125769 0.00387727 -0.0227151 0.00526015 -0.0121805 0.00678268 
0.0478606 -0.0270657 -0.0264977 0.0125996 0.00386448 -0.0227201 0.00526066 -0.0121559 0.00679276 
0.0478566 -0.0270645 -0.026499 0.0126364 0.00385247 -0.0227277 0.00526232 -0.0121206 0.00680389 
0.0478526 -0.0270632 -0.0265005 0.0126737 0.00384069 -0.0227353 0.00526415 -0.0120849 0.00681473 
0.0478485 -0.0270623 -0.0265012 0.0127068 0.00382856 -0.0227421 0.00526545 -0.0120518 0.00682638 
0.0478444 -0.027062 -0.026501 0.0127355 0.00381605 -0.022748 0.00526615 -0.0120215 0.006839 
0.0478402 -0.0270621 -0.0265001 0.0127609 0.00380326 -0.0227533 0.00526646 -0.0119933 0.00685203 
0.0478358 -0.0270623 -0.026499 0.0127841 0.00379024 -0.0227582 0.00526664 -0.0119668 0.00686483 
0.0478314 -0.0270625 -0.0264978 0.0128061 0.00377708 -0.0227628 0.00526685 -0.0119414 0.00687701 
0.0478268 -0.0270627 -0.0264967 0.0128276 0.00376388 -0.0227674 0.0052672 -0.0119166 0.0068884 
0.0478222 -0.0270627 -0.0264957 0.0128491 0.00375074 -0.0227719 0.00526773 -0.0118922 0.006899 
0.0478176 -0.0270627 -0.0264949 0.012871 0.00373775 -0.0227764 0.00526844 -0.0118679 0.00690894 
0.0478132 -0.0270614 -0.0264961 0.0129068 0.00372539 -0.0227833 0.00527053 -0.0118327 0.00691983 
0.0478088 -0.0270599 -0.0264975 0.0129431 0.00371325 -0.0227902 0.0052728 -0.0117973 0.00693042 
0.0478044 -0.027059 -0.0264981 0.0129751 0.00370079 -0.0227963 0.00527446 -0.0117645 0.00694185 
0.0477999 -0.0270587 -0.0264977 0.0130028 0.003688 -0.0228015 0.00527544 -0.0117344 0.00695427 
0.0477955 -0.0270587 -0.0264967 0.0130273 0.00367495 -0.0228062 0.00527598 -0.0117064 0.00696712 
0.0477909 -0.0270589 -0.0264954 0.0130496 0.0036617 -0.0228105 0.00527636 -0.0116801 0.00697975 
0.0477862 -0.0270591 -0.0264941 0.0130707 0.00364832 -0.0228145 0.00527674 -0.0116549 0.00699177 
0.0477814 -0.0270593 -0.0264928 0.0130914 0.00363492 -0.0228184 0.00527726 -0.0116304 0.00700302 
0.0477766 -0.0270593 -0.0264918 0.0131121 0.00362159 -0.0228224 0.00527796 -0.0116062 0.00701349 
0.0477717 -0.0270592 -0.0264909 0.0131331 0.00360841 -0.0228263 0.00527885 -0.0115819 0.0070233 
0.0477669 -0.0270578 -0.026492 0.0131678 0.00359571 -0.0228325 0.00528132 -0.011547 0.00703396 
0.0477621 -0.0270563 -0.0264932 0.013203 0.00358322 -0.0228386 0.00528399 -0.0115118 0.00704431 
0.0477574 -0.0270553 -0.0264936 0.013234 0.00357044 -0.022844 0.00528597 -0.0114793 0.00705552 
0.0477526 -0.027055 -0.0264931 0.0132607 0.00355736 -0.0228486 0.00528721 -0.0114494 0.00706774 
0.0477479 -0.027055 -0.026492 0.0132842 0.00354406 -0.0228526 0.00528795 -0.0114217 0.0070804 
0.047743 -0.0270551 -0.0264905 0.0133057 0.00353058 -0.0228562 0.00528849 -0.0113955 0.00709286 
0.0477381 -0.0270553 -0.0264891 0.0133259 0.00351699 -0.0228596 0.00528903 -0.0113705 0.00710473 
0.0477331 -0.0270554 -0.0264877 0.0133457 0.0035034 -0.0228629 0.00528969 -0.0113462 0.00711583 
0.047728 -0.0270554 -0.0264865 0.0133656 0.00348988 -0.0228663 0.00529053 -0.0113222 0.00712616 
0.0477229 -0.0270552 -0.0264855 0.0133859 0.00347651 -0.0228696 0.00529157 -0.0112981 0.00713583 
0.0477178 -0.0270538 -0.0264864 0.0134195 0.00346347 -0.022875 0.00529441 -0.0112634 0.00714625 
0.0477126 -0.0270522 -0.0264875 0.0134536 0.00345063 -0.0228804 0.00529744 -0.0112284 0.00715636 
0.0477075 -0.0270511 -0.0264877 0.0134836 0.00343755 -0.022885 0.00529972 -0.0111961 0.00716735 
0.0477025 -0.0270507 -0.0264871 0.0135093 0.0034242 -0.0228888 0.00530118 -0.0111665 0.00717938 
0.0476974 -0.0270507 -0.0264858 0.0135319 0.00341065 -0.0228921 0.00530209 -0.0111389 0.00719186 
0.0476923 -0.0270508 -0.0264842 0.0135524 0.00339695 -0.022895 0.00530276 -0.011113 0.00720416 
0.0476872 -0.027051 -0.0264826 0.0135718 0.00338316 -0.0228978 0.00530341 -0.0110882 0.00721588 
0.0476819 -0.027051 -0.0264811 0.0135908 0.00336938 -0.0229005 0.00530419 -0.011064 0.00722684 
0.0476766 -0.027051 -0.0264797 0.0136099 0.00335568 -0.0229032 0.00530515 -0.0110401 0.00723703 
0.0476713 -0.0270508 -0.0264786 0.0136293 0.00334213 -0.0229059 0.00530632 -0.0110163 0.00724658 
0.0476658 -0.0270492 -0.0264794 0.0136618 0.00332875 -0.0229104 0.00530947 -0.0109818 0.00725677 
0.0476603 -0.0270475 -0.0264803 0.0136949 0.00331558 -0.022915 0.00531282 -0.010947 0.00726664 
0.0476548 -0.0270464 -0.0264804 0.0137238 0.00330219 -0.0229188 0.00531536 -0.0109149 0.00727742 
0.0476495 -0.0270459 -0.0264796 0.0137486 0.00328857 -0.0229219 0.005317 -0.0108854 0.00728924 
0.0476442 -0.0270458 -0.0264781 0.0137702 0.00327478 -0.0229244 0.00531804 -0.0108581 0.00730154 
0.0476388 -0.0270459 -0.0264764 0.0137898 0.00326086 -0.0229266 0.00531882 -0.0108324 0.00731368 
0.0476334 -0.027046 -0.0264746 0.0138083 0.00324688 -0.0229286 0.00531957 -0.0108077 0.00732524 
0.0476279 -0.027046 -0.026473 0.0138265 0.00323291 -0.0229306 0.00532043 -0.0107837 0.00733605 
0.0476224 -0.0270459 -0.0264715 0.0138447 0.00321902 -0.0229327 0.00532149 -0.01076 0.0073461 
0.0476169 -0.0270456 -0.0264702 0.0138633 0.00320529 -0.0229347 0.00532275 -0.0107363 0.0073555 
0.047611 -0.0270439 -0.0264708 0.0138947 0.00319159 -0.0229384 0.00532618 -0.010702 0.00736545 
0.0476051 -0.0270421 -0.0264716 0.0139267 0.00317809 -0.0229421 0.00532983 -0.0106674 0.00737508 
0.0475993 -0.0270409 -0.0264715 0.0139547 0.0031644 -0.0229451 0.00533258 -0.0106355 0.00738563 
0.0475937 -0.0270403 -0.0264705 0.0139784 0.00315053 -0.0229473 0.00533437 -0.0106063 0.00739727 
0.0475881 -0.0270402 -0.0264689 0.0139991 0.0031365 -0.022949 0.00533552 -0.0105791 0.00740939 
0.0475825 -0.0270402 -0.026467 0.0140178 0.00312238 -0.0229505 0.00533637 -0.0105536 0.00742137 
0.0475768 -0.0270403 -0.0264651 0.0140354 0.00310821 -0.0229518 0.00533718 -0.0105291 0.00743278 
0.0475712 -0.0270403 -0.0264632 0.0140526 0.00309406 -0.0229531 0.0053381 -0.0105053 0.00744345 
0.0475654 -0.0270401 -0.0264616 0.01407 0.00308 -0.0229544 0.00533922 -0.0104817 0.00745337 
0.0475597 -0.0270398 -0.0264601 0.0140878 0.0030661 -0.0229557 0.00534055 -0.0104581 0.00746263 
0.0475534 -0.0270379 -0.0264606 0.0141182 0.00305209 -0.0229585 0.00534422 -0.010424 0.00747235 
0.0475471 -0.027036 -0.0264612 0.0141491 0.00303826 -0.0229613 0.00534811 -0.0103896 0.00748175 
0.047541 -0.0270347 -0.0264609 0.014176 0.00302429 -0.0229634 0.00535105 -0.0103579 0.00749209 
0.0475351 -0.027034 -0.0264597 0.0141987 0.00301016 -0.0229648 0.00535295 -0.0103288 0.00750353 
0.0475292 -0.0270338 -0.0264579 0.0142184 0.00299592 -0.0229657 0.00535417 -0.0103019 0.00751548 
0.0475234 -0.0270338 -0.0264559 0.0142362 0.00298159 -0.0229663 0.00535506 -0.0102765 0.00752729 
0.0475175 -0.0270338 -0.0264537 0.0142529 0.00296723 -0.0229668 0.0053559 -0.0102522 0.00753854 
0.0475116 -0.0270338 -0.0264517 0.0142693 0.00295291 -0.0229673 0.00535686 -0.0102285 0.00754907 
0.0475056 -0.0270335 -0.0264499 0.0142859 0.00293869 -0.0229679 0.00535801 -0.0102051 0.00755884 
0.0474997 -0.0270331 -0.0264483 0.0143028 0.00292462 -0.0229685 0.0053594 -0.0101817 0.00756797 
0.047493 -0.0270311 -0.0264486 0.0143321 0.00291029 -0.0229704 0.00536327 -0.0101477 0.00757744 
0.0474864 -0.027029 -0.026449 0.014362 0.00289615 -0.0229722 0.00536736 -0.0101135 0.0075866 
0.04748 -0.0270276 -0.0264486 0.0143878 0.00288191 -0.0229734 0.00537044 -0.0100819 0.00759672 
0.0474737 -0.0270268 -0.0264472 0.0144095 0.00286754 -0.0229739 0.00537243 -0.010053 0.00760797 
0.0474676 -0.0270266 -0.0264452 0.0144282 0.00285308 -0.0229739 0.00537368 -0.0100262 0.00761975 
0.0474615 -0.0270265 -0.0264429 0.0144451 0.00283856 -0.0229737 0.00537459 -0.010001 0.0076314 
0.0474554 -0.0270265 -0.0264406 0.0144609 0.00282403 -0.0229734 0.00537543 -0.00997687 0.00764252 
0.0474493 -0.0270264 -0.0264384 0.0144764 0.00280954 -0.0229731 0.00537639 -0.00995334 0.0076529 
0.0474431 -0.027026 -0.0264364 0.0144921 0.00279516 -0.0229729 0.00537755 -0.00993006 0.00766253 
0.0474369 -0.0270255 -0.0264346 0.0145083 0.00278094 -0.0229727 0.00537896 -0.00990674 0.00767153 
0.0474299 -0.0270234 -0.0264347 0.0145365 0.00276632 -0.0229736 0.00538299 -0.00987298 0.00768077 
0.0474229 -0.0270212 -0.026435 0.0145652 0.00275188 -0.0229745 0.00538725 -0.00983889 0.00768969 
0.0474161 -0.0270196 -0.0264343 0.01459 0.00273737 -0.0229747 0.00539043 -0.00980747 0.00769961 
0.0474096 -0.0270188 -0.0264328 0.0146107 0.00272276 -0.0229743 0.00539246 -0.00977874 0.00771067 
0.0474032 -0.0270184 -0.0264306 0.0146285 0.0027081 -0.0229734 0.00539373 -0.00975213 0.00772227 
0.0473969 -0.0270183 -0.0264281 0.0146443 0.00269339 -0.0229723 0.00539462 -0.00972707 0.00773376 
0.0473905 -0.0270182 -0.0264256 0.0146593 0.00267869 -0.0229711 0.00539544 -0.00970305 0.00774472 
0.0473842 -0.027018 -0.0264232 0.0146739 0.00266404 -0.02297 0.00539638 -0.00967965 0.00775495 
0.0473778 -0.0270176 -0.026421 0.0146888 0.00264951 -0.022969 0.00539754 -0.00965648 0.00776444 
0.0473714 -0.027017 -0.026419 0.0147041 0.00263512 -0.0229681 0.00539894 -0.00963328 0.00777329 
0.047364 -0.0270147 -0.0264189 0.0147312 0.00262021 -0.022968 0.0054031 -0.00959965 0.00778229 
0.0473567 -0.0270123 -0.0264189 0.0147589 0.00260548 -0.0229678 0.00540748 -0.00956571 0.00779097 
0.0473496 -0.0270106 -0.0264181 0.0147827 0.00259071 -0.0229671 0.00541074 -0.00953444 0.00780067 
0.0473428 -0.0270096 -0.0264163 0.0148023 0.00257589 -0.0229657 0.00541278 -0.00950587 0.00781155 
0.0473361 -0.0270092 -0.0264139 0.0148191 0.00256104 -0.0229639 0.00541402 -0.00947941 0.00782298 
0.0473295 -0.0270091 -0.0264112 0.014834 0.00254617 -0.0229618 0.00541486 -0.0094545 0.00783433 
0.047323 -0.0270089 -0.0264084 0.014848 0.00253131 -0.0229598 0.00541563 -0.00943062 0.00784514 
0.0473164 -0.0270086 -0.0264058 0.0148617 0.00251652 -0.0229579 0.00541652 -0.00940735 0.00785524 
0.0473098 -0.0270081 -0.0264034 0.0148757 0.00250185 -0.022956 0.00541763 -0.0093843 0.00786459 
0.0473031 -0.0270074 -0.0264013 0.0148901 0.00248733 -0.0229543 0.005419 -0.0093612 0.00787331 
0.0472954 -0.027005 -0.0264009 0.0149162 0.00247215 -0.0229531 0.00542323 -0.00932772 0.00788208 
0.0472877 -0.0270024 -0.0264008 0.0149428 0.00245715 -0.022952 0.0054277 -0.00929392 0.00789053 
0.0472803 -0.0270005 -0.0263997 0.0149655 0.00244215 -0.0229502 0.00543099 -0.00926279 0.00790003 
0.0472732 -0.0269995 -0.0263977 0.0149841 0.00242712 -0.0229478 0.00543302 -0.00923436 0.00791072 
0.0472663 -0.026999 -0.026395 0.0149998 0.00241209 -0.022945 0.0054342 -0.00920805 0.00792199 
0.0472595 -0.0269987 -0.0263921 0.0150138 0.00239706 -0.0229421 0.00543497 -0.00918327 0.00793318 
0.0472527 -0.0269985 -0.0263891 0.0150269 0.00238206 -0.0229392 0.00543567 -0.00915952 0.00794385 
0.0472459 -0.0269981 -0.0263863 0.0150397 0.00236714 -0.0229363 0.00543649 -0.00913636 0.0079538 
0.047239 -0.0269975 -0.0263837 0.0150528 0.00235233 -0.0229336 0.00543754 -0.00911341 0.00796301 
0.0472322 -0.0269968 -0.0263813 0.0150664 0.00233768 -0.0229311 0.00543885 -0.00909042 0.00797159 
0.0472242 -0.0269941 -0.0263808 0.0150914 0.00232225 -0.0229288 0.00544313 -0.00905706 0.00798012 
0.0472161 -0.0269913 -0.0263804 0.0151169 0.00230699 -0.0229266 0.00544765 -0.00902337 0.00798833 
0.0472084 -0.0269893 -0.0263791 0.0151385 0.00229176 -0.0229238 0.00545094 -0.00899237 0.00799762 
0.047201 -0.0269881 -0.0263768 0.0151561 0.00227655 -0.0229205 0.00545291 -0.00896408 0.00800813 
0.0471938 -0.0269875 -0.0263739 0.0151708 0.00226135 -0.0229167 0.00545401 -0.0089379 0.00801925 
0.0471867 -0.0269872 -0.0263707 0.0151838 0.00224619 -0.0229128 0.00545468 -0.00891325 0.00803029 
0.0471797 -0.0269869 -0.0263675 0.0151959 0.00223106 -0.022909 0.00545528 -0.00888961 0.00804081 
0.0471727 -0.0269865 -0.0263644 0.0152078 0.00221602 -0.0229052 0.005456 -0.00886655 0.00805062 
0.0471657 -0.0269858 -0.0263616 0.01522 0.0022011 -0.0229017 0.00545696 -0.00884371 0.0080597 
0.0471586 -0.0269849 -0.026359 0.0152327 0.00218633 -0.0228982 0.00545819 -0.0088208 0.00806815 
0.0471502 -0.0269821 -0.0263582 0.0152566 0.00217067 -0.022895 0.00546248 -0.00878755 0.00807645 
0.0471418 -0.026979 -0.0263576 0.015281 0.00215517 -0.0228917 0.00546701 -0.00875397 0.00808443 
0.0471338 -0.0269768 -0.026356 0.0153016 0.00213974 -0.0228879 0.00547027 -0.00872309 0.00809352 
0.0471261 -0.0269756 -0.0263535 0.0153181 0.00212436 -0.0228835 0.00547216 -0.00869492 0.00810386 
0.0471186 -0.0269749 -0.0263503 0.0153318 0.00210903 -0.0228787 0.00547314 -0.00866887 0.00811481 
0.0471114 -0.0269745 -0.0263469 0.0153438 0.00209374 -0.0228739 0.00547369 -0.00864433 0.0081257 
0.0471041 -0.0269741 -0.0263434 0.015355 0.0020785 -0.0228691 0.00547416 -0.00862081 0.00813608 
0.0470969 -0.0269736 -0.0263401 0.015366 0.00206336 -0.0228645 0.00547477 -0.00859785 0.00814575 
0.0470896 -0.0269728 -0.0263371 0.0153773 0.00204834 -0.02286 0.00547562 -0.00857509 0.00815468 
0.0470823 -0.0269718 -0.0263342 0.0153891 0.00203347 -0.0228557 0.00547676 -0.00855226 0.00816298 
0.0470736 -0.0269688 -0.0263332 0.0154119 0.00201759 -0.0228514 0.00548103 -0.00851911 0.00817105 
0.0470648 -0.0269655 -0.0263323 0.0154353 0.00200188 -0.0228471 0.00548554 -0.00848563 0.0081788 
0.0470565 -0.0269632 -0.0263305 0.0154547 0.00198627 -0.0228422 0.00548872 -0.00845485 0.00818768 
0.0470485 -0.0269618 -0.0263277 0.0154702 0.00197075 -0.0228368 0.0054905 -0.00842679 0.00819784 
0.0470408 -0.026961 -0.0263242 0.0154828 0.0019553 -0.022831 0.00549135 -0.00840086 0.00820864 
0.0470333 -0.0269605 -0.0263205 0.0154938 0.00193992 -0.0228252 0.00549175 -0.00837644 0.00821939 
0.0470258 -0.02696 -0.0263168 0.015504 0.0019246 -0.0228195 0.00549208 -0.00835301 0.00822963 
0.0470184 -0.0269594 -0.0263132 0.0155141 0.00190938 -0.022814 0.00549254 -0.00833014 0.00823916 
0.0470109 -0.0269585 -0.0263099 0.0155245 0.00189428 -0.0228086 0.00549327 -0.00830746 0.00824797 
0.0470034 -0.0269574 -0.0263069 0.0155355 0.00187935 -0.0228035 0.00549427 -0.0082847 0.00825613 
0.0469943 -0.0269542 -0.0263055 0.0155571 0.00186329 -0.0227981 0.00549848 -0.00825164 0.00826397 
0.0469852 -0.0269507 -0.0263044 0.0155794 0.0018474 -0.0227927 0.00550293 -0.00821824 0.00827149 
0.0469766 -0.0269482 -0.0263023 0.0155977 0.00183164 -0.0227867 0.00550602 -0.00818755 0.00828017 
0.0469683 -0.0269467 -0.0262992 0.0156121 0.001816 -0.0227803 0.00550766 -0.00815961 0.00829017 
0.0469604 -0.0269458 -0.0262955 0.0156237 0.00180047 -0.0227735 0.00550834 -0.00813379 0.00830081 
0.0469526 -0.0269452 -0.0262915 0.0156336 0.00178502 -0.0227667 0.00550858 -0.00810947 0.00831141 
0.0469449 -0.0269446 -0.0262874 0.0156429 0.00176964 -0.0227601 0.00550874 -0.00808614 0.00832151 
0.0469373 -0.0269439 -0.0262836 0.015652 0.00175437 -0.0227537 0.00550905 -0.00806335 0.0083309 
0.0469296 -0.026943 -0.02628 0.0156615 0.00173923 -0.0227475 0.00550962 -0.00804075 0.00833955 
0.0469218 -0.0269417 -0.0262767 0.0156716 0.00172424 -0.0227415 0.00551049 -0.00801806 0.00834758 
0.0469124 -0.0269382 -0.0262752 0.0156921 0.00170804 -0.022735 0.00551461 -0.00798506 0.00835517 
0.046903 -0.0269345 -0.0262737 0.0157133 0.00169201 -0.0227285 0.00551897 -0.00795174 0.00836246 
0.046894 -0.0269318 -0.0262714 0.0157305 0.00167615 -0.0227216 0.00552193 -0.00792114 0.00837094 
0.0468855 -0.0269302 -0.026268 0.0157438 0.00166045 -0.0227141 0.00552341 -0.0078933 0.00838076 
0.0468773 -0.0269292 -0.0262639 0.0157543 0.00164488 -0.0227064 0.0055239 -0.00786758 0.00839126 
0.0468693 -0.0269285 -0.0262596 0.0157632 0.0016294 -0.0226986 0.00552395 -0.00784336 0.00840173 
0.0468614 -0.0269279 -0.0262553 0.0157715 0.00161402 -0.022691 0.00552392 -0.00782012 0.00841169 
0.0468535 -0.0269271 -0.0262512 0.0157797 0.00159875 -0.0226837 0.00552405 -0.0077974 0.00842095 
0.0468456 -0.026926 -0.0262473 0.0157882 0.00158362 -0.0226767 0.00552446 -0.00777485 0.00842947 
0.0468377 -0.0269247 -0.0262438 0.0157974 0.00156864 -0.0226698 0.00552517 -0.00775222 0.00843737 
0.046828 -0.0269209 -0.0262419 0.0158169 0.00155236 -0.0226623 0.00552917 -0.00771929 0.00844475 
0.0468182 -0.026917 -0.0262402 0.0158368 0.00153625 -0.0226548 0.00553341 -0.00768603 0.00845181 
0.0468089 -0.0269141 -0.0262375 0.015853 0.00152035 -0.0226468 0.00553622 -0.00765551 0.0084601 
0.0468001 -0.0269123 -0.0262338 0.0158652 0.00150464 -0.0226383 0.00553751 -0.00762775 0.00846976 
0.0467917 -0.0269113 -0.0262294 0.0158746 0.00148909 -0.0226296 0.00553779 -0.00760213 0.00848012 
0.0467835 -0.0269105 -0.0262248 0.0158825 0.00147365 -0.0226209 0.00553763 -0.00757801 0.00849045 
0.0467753 -0.0269098 -0.0262202 0.0158897 0.00145832 -0.0226124 0.0055374 -0.00755485 0.00850028 
0.0467672 -0.0269088 -0.0262158 0.015897 0.00144311 -0.0226042 0.00553735 -0.0075322 0.00850939 
0.0467591 -0.0269077 -0.0262117 0.0159046 0.00142803 -0.0225963 0.00553757 -0.00750971 0.00851777 
0.0467509 -0.0269062 -0.0262078 0.0159128 0.00141311 -0.0225886 0.00553811 -0.00748713 0.00852553 
0.0467409 -0.0269022 -0.0262056 0.0159312 0.00139683 -0.02258 0.00554196 -0.00745426 0.00853267 
0.0467308 -0.026898 -0.0262037 0.0159501 0.00138072 -0.0225715 0.00554606 -0.00742105 0.0085395 
0.0467212 -0.026895 -0.0262007 0.0159651 0.00136486 -0.0225625 0.00554869 -0.00739059 0.0085476 
0.0467122 -0.026893 -0.0261966 0.0159762 0.00134923 -0.0225531 0.00554977 -0.00736292 0.0085571 
0.0467035 -0.0268919 -0.0261919 0.0159845 0.00133379 -0.0225434 0.00554984 -0.00733739 0.00856731 
0.046695 -0.0268911 -0.0261869 0.0159913 0.00131848 -0.0225338 0.00554945 -0.00731335 0.00857751 
0.0466867 -0.0268902 -0.026182 0.0159976 0.00130329 -0.0225244 0.005549 -0.00729026 0.0085872 
0.0466783 -0.0268892 -0.0261773 0.0160038 0.00128822 -0.0225153 0.00554874 -0.00726767 0.00859618 
0.04667 -0.0268879 -0.0261729 0.0160105 0.0012733 -0.0225065 0.00554877 -0.00724523 0.00860443 
0.0466616 -0.0268863 -0.0261688 0.0160178 0.00125854 -0.022498 0.00554911 -0.0072227 0.00861205 
0.0466513 -0.0268821 -0.0261663 0.016035 0.00124238 -0.0224885 0.00555279 -0.00718986 0.00861897 
0.0466408 -0.0268777 -0.026164 0.0160528 0.00122639 -0.022479 0.00555672 -0.0071567 0.00862558 
0.0466309 -0.0268744 -0.0261607 0.0160667 0.0012107 -0.022469 0.00555914 -0.0071263 0.00863348 
0.0466216 -0.0268724 -0.0261563 0.0160767 0.00119529 -0.0224586 0.00555999 -0.00709872 0.00864283 
0.0466127 -0.0268711 -0.0261512 0.0160838 0.00118009 -0.022448 0.0055598 -0.00707328 0.00865291 
0.046604 -0.0268702 -0.0261459 0.0160895 0.00116506 -0.0224374 0.00555917 -0.00704933 0.00866297 
0.0465954 -0.0268693 -0.0261407 0.0160947 0.00115016 -0.0224272 0.00555849 -0.00702632 0.00867253 
0.0465869 -0.0268681 -0.0261357 0.0161 0.00113538 -0.0224173 0.00555801 -0.00700379 0.00868138 
0.0465784 -0.0268667 -0.026131 0.0161058 0.00112076 -0.0224077 0.00555782 -0.00698141 0.00868949 
0.0465698 -0.026865 -0.0261265 0.0161121 0.00110632 -0.0223983 0.00555796 -0.00695892 0.00869697 
0.0465591 -0.0268606 -0.0261237 0.0161282 0.00109046 -0.0223878 0.00556145 -0.00692613 0.00870366 
0.0465483 -0.0268559 -0.0261211 0.0161448 0.00107481 -0.0223774 0.00556517 -0.006893 0.00871005 
0.0465381 -0.0268525 -0.0261175 0.0161576 0.0010595 -0.0223665 0.00556737 -0.00686266 0.00871777 
0.0465285 -0.0268503 -0.0261127 0.0161664 0.00104453 -0.0223551 0.00556796 -0.00683516 0.00872696 
0.0465194 -0.0268489 -0.0261073 0.0161724 0.00102982 -0.0223436 0.00556752 -0.0068098 0.00873691 
0.0465105 -0.0268479 -0.0261016 0.016177 0.00101529 -0.0223321 0.00556662 -0.00678594 0.00874685 
0.0465017 -0.0268469 -0.0260961 0.0161811 0.00100092 -0.022321 0.0055657 -0.00676299 0.00875629 
0.0464929 -0.0268457 -0.0260907 0.0161854 0.000986683 -0.0223103 0.00556498 -0.00674052 0.008765 
0.0464842 -0.0268442 -0.0260857 0.0161902 0.000972615 -0.0222999 0.00556457 -0.00671818 0.00877298 
0.0464754 -0.0268424 -0.026081 0.0161955 0.000958739 -0.0222898 0.00556449 -0.00669573 0.00878033 
0.0464644 -0.0268377 -0.0260778 0.0162105 0.000943524 -0.0222783 0.00556775 -0.00666297 0.00878681 
0.0464533 -0.0268328 -0.0260749 0.0162259 0.000928552 -0.0222669 0.00557124 -0.00662987 0.00879298 
0.0464428 -0.0268291 -0.0260709 0.0162376 0.000913991 -0.0222551 0.00557319 -0.00659959 0.00880052 
0.046433 -0.0268268 -0.0260657 0.0162451 0.000899834 -0.0222429 0.00557352 -0.00657216 0.00880957 
0.0464236 -0.0268254 -0.0260599 0.01625 0.000885997 -0.0222304 0.0055728 -0.00654689 0.00881939 
0.0464144 -0.0268243 -0.0260539 0.0162535 0.000872389 -0.0222181 0.00557163 -0.00652311 0.0088292 
0.0464054 -0.0268232 -0.026048 0.0162566 0.000858958 -0.0222062 0.00557045 -0.00650023 0.00883851 
0.0463964 -0.0268219 -0.0260424 0.0162599 0.000845697 -0.0221947 0.00556949 -0.00647782 0.00884708 
0.0463875 -0.0268203 -0.026037 0.0162636 0.000832628 -0.0221835 0.00556885 -0.00645552 0.00885493 
0.0463785 -0.0268183 -0.026032 0.016268 0.000819782 -0.0221726 0.00556854 -0.0064331 0.00886214 
0.0463671 -0.0268134 -0.0260285 0.0162818 0.000805798 -0.0221603 0.00557157 -0.00640036 0.00886839 
0.0463557 -0.0268083 -0.0260252 0.0162961 0.000792135 -0.022148 0.00557482 -0.00636729 0.00887434 
0.046345 -0.0268044 -0.0260208 0.0163066 0.000778991 -0.0221353 0.0055765 -0.00633706 0.0088817 
0.0463349 -0.026802 -0.0260153 0.016313 0.000766366 -0.0221222 0.00557654 -0.0063097 0.0088906 
0.0463252 -0.0268005 -0.0260092 0.0163167 0.000754159 -0.0221089 0.00557553 -0.00628452 0.0089003 
0.0463158 -0.0267993 -0.0260028 0.016319 0.000742254 -0.0220958 0.00557409 -0.00626081 0.00891 
0.0463066 -0.0267981 -0.0259965 0.016321 0.000730583 -0.022083 0.00557264 -0.006238 0.00891918 
0.0462975 -0.0267967 -0.0259905 0.0163232 0.000719136 -0.0220708 0.00557142 -0.00621564 0.00892763 
0.0462883 -0.026795 -0.0259848 0.016326 0.000707939 -0.0220588 0.00557054 -0.00619338 0.00893535 
0.0462791 -0.026793 -0.0259795 0.0163294 0.000697036 -0.0220472 0.00556999 -0.006171 0.00894243 
0.0462674 -0.0267878 -0.0259756 0.016342 0.000685451 -0.022034 0.00557275 -0.00613828 0.00894847 
0.0462557 -0.0267824 -0.025972 0.0163552 0.000674349 -0.0220209 0.00557573 -0.00610523 0.00895421 
0.0462446 -0.0267784 -0.0259672 0.0163644 0.000663954 -0.0220073 0.00557713 -0.00607504 0.00896139 
0.0462343 -0.0267758 -0.0259613 0.0163696 0.000654286 -0.0219933 0.00557687 -0.00604776 0.00897016 
0.0462244 -0.0267742 -0.0259548 0.0163721 0.00064522 -0.0219792 0.00557556 -0.00602266 0.00897974 
0.0462148 -0.026773 -0.025948 0.0163733 0.0006366 -0.0219653 0.00557383 -0.00599903 0.00898932 
0.0462054 -0.0267717 -0.0259414 0.0163742 0.000628334 -0.0219518 0.00557211 -0.00597629 0.00899837 
0.046196 -0.0267702 -0.025935 0.0163753 0.000620406 -0.0219388 0.00557064 -0.00595398 0.00900669 
0.0461866 -0.0267684 -0.0259291 0.0163771 0.000612854 -0.0219262 0.00556951 -0.00593176 0.00901426 
0.0461772 -0.0267663 -0.0259234 0.0163795 0.000605745 -0.0219139 0.00556872 -0.00590941 0.00902121 
0.0461652 -0.0267609 -0.0259192 0.016391 0.000598931 -0.0218998 0.0055712 -0.00587671 0.00902702 
0.0461532 -0.0267552 -0.0259151 0.0164029 0.000592933 -0.0218858 0.00557389 -0.00584367 0.00903255 
0.0461418 -0.026751 -0.02591 0.016411 0.000588001 -0.0218715 0.005575 -0.00581353 0.00903956 
0.0461312 -0.0267484 -0.0259037 0.0164149 0.000584192 -0.0218567 0.00557444 -0.00578632 0.0090482 
0.0461211 -0.0267467 -0.0258968 0.0164162 0.000581328 -0.0218418 0.00557282 -0.00576131 0.00905766 
0.0461113 -0.0267454 -0.0258896 0.0164162 0.000579179 -0.0218271 0.00557078 -0.00573776 0.00906713 
0.0461016 -0.0267441 -0.0258826 0.0164159 0.000577597 -0.0218128 0.00556878 -0.00571509 0.00907607 
0.046092 -0.0267425 -0.0258759 0.016416 0.000576547 -0.0217991 0.00556704 -0.00569283 0.00908426 
0.0460824 -0.0267406 -0.0258696 0.0164168 0.000576083 -0.0217858 0.00556565 -0.00567065 0.00909171 
0.0460728 -0.0267383 -0.0258636 0.0164182 0.000576306 -0.0217728 0.00556461 -0.00564833 0.00909853 
0.0460605 -0.0267327 -0.025859 0.0164284 0.000578686 -0.021758 0.00556679 -0.00561564 0.00910414 
0.0460482 -0.0267268 -0.0258546 0.0164392 0.000582401 -0.0217432 0.00556918 -0.00558262 0.00910946 
0.0460365 -0.0267225 -0.0258491 0.016446 0.000587689 -0.021728 0.00556998 -0.00555252 0.0091163 
0.0460257 -0.0267197 -0.0258424 0.0164486 0.000594632 -0.0217125 0.00556909 -0.00552539 0.00912481 
0.0460153 -0.026718 -0.025835 0.0164486 0.000602917 -0.0216968 0.00556716 -0.00550047 0.00913417 
0.0460053 -0.0267166 -0.0258274 0.0164475 0.00061213 -0.0216814 0.00556483 -0.00547702 0.00914353 
0.0459954 -0.0267152 -0.0258201 0.0164461 0.000621991 -0.0216664 0.00556254 -0.00545441 0.00915234 
0.0459856 -0.0267135 -0.025813 0.0164451 0.000632403 -0.021652 0.00556054 -0.0054322 0.0091604 
0.0459758 -0.0267115 -0.0258064 0.0164448 0.000643414 -0.021638 0.00555889 -0.00541006 0.00916771 
0.045966 -0.0267091 -0.0258 0.0164452 0.000655156 -0.0216244 0.00555759 -0.00538777 0.0091744 
0.0459534 -0.0267033 -0.0257951 0.0164543 0.000671494 -0.0216088 0.00555947 -0.0053551 0.00917979 
0.0459407 -0.0266972 -0.0257902 0.0164638 0.000689354 -0.0215933 0.00556155 -0.00532209 0.0091849 
0.0459288 -0.0266927 -0.0257843 0.0164693 0.000708882 -0.0215774 0.00556202 -0.00529204 0.00919158 
0.0459177 -0.0266898 -0.0257772 0.0164707 0.000730128 -0.021561 0.00556081 -0.00526499 0.00919997 
0.0459071 -0.026688 -0.0257694 0.0164695 0.000752535 -0.0215446 0.00555855 -0.00524016 0.00920922 
0.0458969 -0.0266866 -0.0257615 0.016467 0.00077544 -0.0215285 0.00555591 -0.00521679 0.00921848 
0.0458868 -0.0266852 -0.0257537 0.0164645 0.000798411 -0.0215128 0.00555334 -0.00519426 0.00922718 
0.0458768 -0.0266834 -0.0257463 0.0164625 0.000821318 -0.0214978 0.00555107 -0.0051721 0.00923511 
0.0458668 -0.0266813 -0.0257393 0.0164611 0.000844246 -0.0214831 0.00554916 -0.00515 0.0092423 
0.0458567 -0.0266789 -0.0257326 0.0164604 0.000867396 -0.0214689 0.00554759 -0.00512775 0.00924887 
