441
0 0 0 0 0 0 0 0 0 
0 0 0 0 0 0 0 0 0 
0 0 0 0 0 0 0 0 0 
4.81517e-05 -2.96125e-05 -1.8547e-05 7.96699e-06 -1.84105e-06 -6.14802e-06 4.14862e-06 -6.68304e-06 2.51604e-06 
0.000190413 -0.000117149 -7.33844e-05 3.14239e-05 -7.36684e-06 -2.44024e-05 1.63371e-05 -2.65042e-05 9.8796e-06 
0.000423449 -0.000260698 -0.000163349 6.95867e-05 -1.66946e-05 -5.46008e-05 3.60865e-05 -5.92258e-05 2.17168e-05 
0.000743874 -0.000458392 -0.000287326 0.000121529 -3.00687e-05 -9.67373e-05 6.28158e-05 -0.000104748 3.75387e-05 
0.00114825 -0.000708399 -0.000444249 0.000186202 -4.78276e-05 -0.000150958 9.58742e-05 -0.00016311 5.67605e-05 
0.00163309 -0.00100891 -0.000633088 0.000262451 -7.03675e-05 -0.000217559 0.000134576 -0.000234505 7.87201e-05 
0.00219486 -0.00135812 -0.000852848 0.000349033 -9.81057e-05 -0.00029699 0.000178237 -0.000319281 0.000102698 
0.00282999 -0.00175424 -0.00110257 0.00044464 -0.000131443 -0.000389852 0.00022621 -0.000417958 0.000127937 
0.00353485 -0.00219545 -0.0013813 0.000547907 -0.000170723 -0.000496899 0.000277929 -0.000531241 0.000153662 
0.00430578 -0.00267991 -0.00168814 0.000657449 -0.000216209 -0.000619039 0.000332925 -0.000660007 0.000179098 
0.00513905 -0.00320574 -0.00202218 0.00077186 -0.000268039 -0.000757319 0.000390881 -0.000805336 0.000203492 
0.00603094 -0.00377104 -0.00238252 0.000889769 -0.000326224 -0.000912927 0.000451618 -0.000968463 0.000226129 
0.00697764 -0.00437382 -0.00276828 0.0010098 -0.000390594 -0.00108717 0.000515169 -0.00115082 0.00024635 
0.00797535 -0.00501208 -0.00317858 0.00113071 -0.000460848 -0.00128144 0.000581707 -0.00135394 0.00026357 
0.00902025 -0.00568374 -0.0036125 0.0012513 -0.000536504 -0.00149723 0.000651605 -0.00157947 0.00027729 
0.0101084 -0.00638657 -0.00406921 0.00137036 -0.000616845 -0.00173605 0.000725511 -0.00182927 0.0002871 
0.011236 -0.00711843 -0.00454774 0.00148706 -0.000701147 -0.00199941 0.000804063 -0.00210498 0.000292712 
0.0123992 -0.00787706 -0.00504713 0.00160061 -0.000788509 -0.00228881 0.000888105 -0.00240833 0.00029395 
0.013594 -0.00865992 -0.00556655 0.00171011 -0.000877813 -0.00260565 0.000978761 -0.00274121 0.000290711 
0.0148166 -0.00946481 -0.00610489 0.00181535 -0.000968134 -0.0029512 0.00107689 -0.00310491 0.000283081 
0.0160631 -0.0102891 -0.00666124 0.00191579 -0.00105832 -0.00332657 0.00118368 -0.00350098 0.000271164 
0.0173298 -0.0111304 -0.0072344 0.0020116 -0.00114744 -0.00373265 0.00129999 -0.00393025 0.000255291 
0.0186128 -0.0119861 -0.00782345 0.00210248 -0.00123442 -0.00417008 0.00142696 -0.00439379 0.000235719 
0.0199086 -0.0128537 -0.00842702 0.00218908 -0.00131852 -0.00463919 0.00156523 -0.00489171 0.00021302 
0.0212136 -0.0137307 -0.00904385 0.00227181 -0.00139896 -0.00513995 0.0017155 -0.00542403 0.000187777 
0.0225238 -0.0146141 -0.00967317 0.00235023 -0.00147504 -0.00567218 0.00187861 -0.00599105 0.000160184 
0.0238361 -0.0155017 -0.0103132 0.00242581 -0.0015464 -0.00623505 0.00205455 -0.00659136 0.000131268 
0.0251472 -0.016391 -0.0109624 0.00249924 -0.00161267 -0.0068275 0.00224345 -0.00722377 0.000101814 
0.0264532 -0.0172787 -0.0116201 0.00256983 -0.00167374 -0.00744834 0.00244547 -0.00788746 7.17997e-05 
0.0277515 -0.0181629 -0.0122842 0.00263951 -0.00172945 -0.00809559 0.00265998 -0.00857969 4.2746e-05 
0.0290391 -0.0190412 -0.0129529 0.00270896 -0.00177968 -0.00876709 0.00288647 -0.0092981 1.56481e-05 
0.0303124 -0.0199103 -0.0136256 0.00277701 -0.00182475 -0.00946084 0.00312435 -0.0100408 -9.81802e-06 
0.0315691 -0.0207684 -0.0142996 0.00284581 -0.00186416 -0.0101738 0.0033725 -0.010804 -3.12963e-05 
0.0328061 -0.0216125 -0.014974 0.00291449 -0.00189786 -0.0109033 0.00362987 -0.011585 -4.84735e-05 
0.0340212 -0.0224404 -0.015646 0.00298468 -0.00192443 -0.0116458 0.00389519 -0.0123797 -5.83195e-05 
0.0352121 -0.0232493 -0.0163139 0.00305672 -0.00194149 -0.0123981 0.00416715 -0.0131843 -5.78367e-05 
0.0363754 -0.0240354 -0.0169769 0.00312845 -0.00194542 -0.0131574 0.00444417 -0.0139959 -4.53419e-05 
0.0375097 -0.0247956 -0.0176316 0.00320224 -0.00192344 -0.0139194 0.00472486 -0.0148094 -1.10273e-05 
0.038613 -0.0255244 -0.0182761 0.00327823 -0.00184297 -0.0146804 0.00500771 -0.0156209 5.91648e-05 
0.039682 -0.026214 -0.0189095 0.00335387 -0.00161084 -0.0154378 0.00529082 -0.0164268 0.000185731 
0.0407159 -0.0268504 -0.0195282 0.00343163 -0.00101622 -0.016187 0.00557292 -0.017222 0.000418802 
0.0417127 -0.0274052 -0.0201297 0.00351161 -4.70302e-05 -0.0169244 0.00585247 -0.0180021 0.000819996 
0.0426696 -0.0278256 -0.0207132 0.00359101 0.00103738 -0.0176474 0.00612747 -0.0187635 0.0013888 
0.0435859 -0.0280255 -0.0212746 0.00367247 0.00213943 -0.0183517 0.00639685 -0.0195007 0.00208063 
0.0444596 -0.0279746 -0.0218112 0.00375606 0.00321953 -0.0190335 0.00665918 -0.0202091 0.00282624 
0.0452893 -0.0277555 -0.0223199 0.00384186 0.00426165 -0.0196898 0.00691308 -0.0208836 0.00358076 
0.0460724 -0.0274815 -0.0227998 0.00392671 0.00523237 -0.0203185 0.0071566 -0.0215205 0.00429496 
0.0468081 -0.0271811 -0.0232458 0.00401339 0.00615157 -0.0209155 0.007389 -0.0221135 0.00498044 
0.0474949 -0.0268761 -0.0236546 0.00410174 0.00701567 -0.0214777 0.00760903 -0.0226571 0.00563027 
0.0481311 -0.0265773 -0.0240226 0.00419142 0.00782175 -0.0220024 0.00781552 -0.0231456 0.00624 
0.0487152 -0.026291 -0.0243466 0.0042819 0.00856724 -0.0224867 0.00800734 -0.0235736 0.00680651 
0.0492445 -0.0260529 -0.0246289 0.0043664 0.00921695 -0.0229309 0.00818235 -0.0239415 0.00729344 
0.0497184 -0.0258342 -0.0248641 0.00444883 0.00980166 -0.0233302 0.00834046 -0.0242443 0.00773274 
0.0501352 -0.0256367 -0.0250523 0.00452761 0.0103192 -0.0236823 0.00848064 -0.0244829 0.00812263 
0.0504933 -0.0254623 -0.0251958 0.00460089 0.0107673 -0.0239852 0.00860193 -0.0246618 0.00846135 
0.0507902 -0.0253321 -0.0253046 0.00466189 0.0111235 -0.0242386 0.00870265 -0.024795 0.00872615 
0.0510246 -0.0252278 -0.0253799 0.00471272 0.0114059 -0.0244389 0.00878255 -0.0248864 0.00893639 
0.0511948 -0.0251507 -0.0254279 0.00475131 0.0116119 -0.0245842 0.00884074 -0.0249445 0.00909014 
0.0504928 -0.0256536 -0.0258186 0.00440601 0.0100605 -0.0237765 0.00883494 -0.0242208 0.00710915 
0.0494818 -0.0262128 -0.0260948 0.00425293 0.00811027 -0.0226808 0.00865615 -0.023319 0.00491095 
0.0486737 -0.026501 -0.0262642 0.00418785 0.00669892 -0.0217241 0.00838669 -0.0226677 0.00336081 
0.0481372 -0.0265764 -0.0263459 0.00383547 0.00594796 -0.0209863 0.00816324 -0.0224548 0.00253744 
0.0478007 -0.026622 -0.0263394 0.00317928 0.0056733 -0.0204378 0.00802966 -0.0225838 0.00223442 
0.0476013 -0.0266929 -0.026249 0.00247991 0.00567859 -0.0200464 0.00796839 -0.0228535 0.00221581 
0.0473963 -0.0267633 -0.0261113 0.00186574 0.00568115 -0.0196565 0.0079151 -0.0230923 0.00221956 
0.0472949 -0.0268313 -0.0259485 0.00142155 0.00582985 -0.0193994 0.00789571 -0.0233326 0.00233197 
0.0473629 -0.0268528 -0.0258891 0.00121398 0.00611199 -0.0193567 0.00787677 -0.023466 0.00247252 
0.0474938 -0.026844 -0.0258964 0.0010939 0.00641496 -0.0193936 0.00784196 -0.0235204 0.00259624 
0.0476471 -0.0268187 -0.0259393 0.00103649 0.00669524 -0.0194588 0.00778035 -0.0234918 0.00270078 
0.0478039 -0.0267867 -0.0259927 0.00103908 0.00694201 -0.0195303 0.00769461 -0.0233939 0.00279731 
0.0479477 -0.0267557 -0.026037 0.00109009 0.00715005 -0.0195947 0.00759739 -0.0232581 0.00289556 
0.0480651 -0.026731 -0.0260624 0.00116119 0.00731452 -0.0196435 0.00750297 -0.0231183 0.0029981 
0.0481474 -0.0267155 -0.0260671 0.0012199 0.00743127 -0.0196721 0.00742262 -0.0230008 0.00309976 
0.0481915 -0.0267103 -0.0260534 0.0012454 0.00749813 -0.0196794 0.00736352 -0.02292 0.00319052 
0.0481985 -0.0267152 -0.0260251 0.00123374 0.00751634 -0.0196675 0.00732883 -0.0228795 0.0032599 
0.0481739 -0.0267287 -0.0259866 0.00119354 0.00749133 -0.0196403 0.00731826 -0.0228754 0.00330063 
0.0481257 -0.0267486 -0.0259431 0.00113872 0.00743241 -0.0196031 0.00732881 -0.0229001 0.00331059 
0.0480631 -0.026772 -0.0259001 0.00108228 0.00735147 -0.0195613 0.00735556 -0.0229446 0.00329273 
0.0479957 -0.0267959 -0.0258627 0.00103282 0.00726128 -0.0195203 0.00739251 -0.0230003 0.00325383 
0.0479323 -0.0268176 -0.0258351 0.000993974 0.00717376 -0.0194845 0.00743343 -0.0230594 0.00320251 
0.0478795 -0.0268351 -0.0258196 0.000965793 0.00709859 -0.0194568 0.00747263 -0.0231151 0.00314745 
0.0478418 -0.0268472 -0.0258165 0.000946719 0.00704238 -0.0194391 0.00750554 -0.0231621 0.00309596 
0.0478213 -0.0268539 -0.0258244 0.000935128 0.00700832 -0.0194316 0.00752912 -0.0231966 0.00305322 
0.0478174 -0.0268557 -0.0258405 0.000929974 0.00699638 -0.0194333 0.007542 -0.0232168 0.0030222 
0.0478279 -0.0268536 -0.0258615 0.000930681 0.00700384 -0.0194425 0.00754439 -0.0232227 0.0030039 
0.0478489 -0.026849 -0.0258837 0.000936638 0.00702614 -0.0194566 0.00753775 -0.0232159 0.00299776 
0.0478762 -0.0268432 -0.0259044 0.000946735 0.00705771 -0.0194731 0.00752442 -0.0231995 0.00300207 
0.0479053 -0.0268375 -0.0259212 0.000959207 0.00709283 -0.0194896 0.00750715 -0.0231773 0.00301434 
0.0479325 -0.0268327 -0.0259332 0.00097187 0.00712637 -0.0195042 0.00748866 -0.023153 0.0030316 
0.0479548 -0.0268297 -0.0259398 0.000982607 0.00715426 -0.0195155 0.00747133 -0.0231302 0.00305075 
0.0479704 -0.0268287 -0.0259415 0.00098985 0.00717381 -0.0195228 0.00745699 -0.0231115 0.00306891 
0.0479787 -0.0268297 -0.025939 0.000992872 0.00718378 -0.0195258 0.00744677 -0.0230985 0.00308377 
0.0479799 -0.0268327 -0.0259335 0.000991793 0.0071843 -0.0195251 0.00744115 -0.0230919 0.00309375 
0.0479752 -0.0268373 -0.0259262 0.000987384 0.00717659 -0.0195214 0.00743997 -0.0230913 0.00309816 
0.0479661 -0.0268428 -0.0259184 0.00098076 0.00716265 -0.0195156 0.00744256 -0.0230958 0.00309711 
0.0479545 -0.0268488 -0.0259112 0.000973085 0.00714487 -0.0195089 0.00744796 -0.0231041 0.00309139 
0.0479421 -0.0268548 -0.0259053 0.000965371 0.0071257 -0.0195023 0.00745502 -0.0231146 0.00308223 
0.0479307 -0.0268603 -0.0259015 0.000958378 0.00710733 -0.0194965 0.00746259 -0.0231258 0.00307109 
0.0479213 -0.026865 -0.0258999 0.000952595 0.00709147 -0.0194922 0.00746967 -0.0231364 0.00305937 
0.0479148 -0.0268687 -0.0259005 0.000948275 0.00707924 -0.0194896 0.00747547 -0.0231452 0.00304831 
0.0479114 -0.0268715 -0.0259029 0.000945479 0.00707115 -0.0194888 0.00747951 -0.0231517 0.00303883 
0.047911 -0.0268734 -0.0259066 0.000944117 0.00706713 -0.0194896 0.0074816 -0.0231555 0.00303151 
0.0479132 -0.0268747 -0.0259111 0.000943978 0.00706662 -0.0194917 0.00748179 -0.0231567 0.00302656 
0.0479171 -0.0268755 -0.0259158 0.000944759 0.00706877 -0.0194946 0.00748039 -0.0231558 0.0030239 
0.0479222 -0.026876 -0.0259202 0.000946101 0.00707255 -0.0194979 0.00747782 -0.0231532 0.00302319 
0.0479274 -0.0268766 -0.0259238 0.00094763 0.00707693 -0.0195012 0.00747456 -0.0231496 0.00302393 
0.0479323 -0.0268773 -0.0259266 0.000949002 0.00708098 -0.019504 0.00747112 -0.0231458 0.00302553 
0.0479363 -0.0268784 -0.0259284 0.000949948 0.00708399 -0.0195063 0.00746792 -0.0231422 0.00302741 
0.0479391 -0.0268798 -0.0259293 0.000950293 0.00708548 -0.0195077 0.00746527 -0.0231394 0.00302907 
0.0479405 -0.0268815 -0.0259294 0.000949975 0.00708526 -0.0195085 0.00746338 -0.0231375 0.0030301 
0.0479406 -0.0268836 -0.0259289 0.000949027 0.00708337 -0.0195085 0.00746233 -0.0231368 0.00303025 
0.0479397 -0.0268859 -0.0259281 0.00094756 0.00708003 -0.019508 0.00746207 -0.0231372 0.00302943 
0.0479381 -0.0268884 -0.0259272 0.000945729 0.00707563 -0.0195072 0.00746249 -0.0231385 0.00302768 
0.047936 -0.026891 -0.0259265 0.000943706 0.00707058 -0.0195062 0.0074634 -0.0231405 0.00302513 
0.0479338 -0.0268935 -0.025926 0.000941655 0.00706535 -0.0195052 0.00746459 -0.0231428 0.00302201 
0.0479317 -0.0268959 -0.0259259 0.000939713 0.0070603 -0.0195044 0.00746586 -0.0231452 0.00301857 
0.0479301 -0.0268981 -0.0259262 0.000937977 0.00705575 -0.0195038 0.00746703 -0.0231475 0.00301506 
0.047929 -0.0269001 -0.0259268 0.000936508 0.00705189 -0.0195036 0.00746796 -0.0231495 0.00301168 
0.0479284 -0.026902 -0.0259278 0.000935322 0.00704879 -0.0195037 0.00746856 -0.0231511 0.00300861 
0.0479284 -0.0269037 -0.0259291 0.000934405 0.00704644 -0.019504 0.00746881 -0.0231521 0.00300595 
0.0479289 -0.0269052 -0.0259304 0.000933714 0.00704473 -0.0195046 0.00746873 -0.0231527 0.00300373 
0.0479296 -0.0269067 -0.0259318 0.000933187 0.0070435 -0.0195054 0.00746837 -0.0231529 0.00300193 
0.0479305 -0.0269081 -0.0259331 0.000932758 0.00704257 -0.0195061 0.0074678 -0.0231528 0.00300049 
0.0479315 -0.0269095 -0.0259342 0.000932359 0.00704176 -0.0195069 0.00746712 -0.0231526 0.00299932 
0.0479324 -0.0269109 -0.0259352 0.000931932 0.00704089 -0.0195076 0.00746641 -0.0231523 0.0029983 
0.0479331 -0.0269124 -0.025936 0.000931434 0.00703984 -0.0195082 0.00746574 -0.023152 0.00299735 
0.0479336 -0.0269139 -0.0259367 0.000930839 0.00703853 -0.0195086 0.00746519 -0.0231519 0.00299636 
0.0479339 -0.0269155 -0.0259371 0.000930138 0.00703693 -0.0195089 0.00746477 -0.023152 0.00299527 
0.0479339 -0.0269171 -0.0259375 0.000929337 0.00703505 -0.0195091 0.0074645 -0.0231522 0.00299403 
0.0479337 -0.0269187 -0.0259378 0.000928454 0.00703292 -0.0195092 0.00746438 -0.0231527 0.00299263 
0.0479335 -0.0269204 -0.0259382 0.000927517 0.00703063 -0.0195092 0.00746438 -0.0231533 0.00299108 
0.0479331 -0.026922 -0.0259385 0.000926553 0.00702824 -0.0195092 0.00746446 -0.023154 0.00298941 
0.0479327 -0.0269236 -0.0259388 0.000925591 0.00702584 -0.0195092 0.0074646 -0.0231547 0.00298765 
0.0479324 -0.0269252 -0.0259393 0.000924654 0.00702349 -0.0195092 0.00746474 -0.0231555 0.00298585 
0.0479321 -0.0269268 -0.0259398 0.00092376 0.00702125 -0.0195093 0.00746487 -0.0231563 0.00298404 
0.0479319 -0.0269283 -0.0259404 0.000922918 0.00701914 -0.0195094 0.00746495 -0.023157 0.00298228 
0 0 0 0 0 0 0 0 0 
0 0 0 0 0 0 0 0 0 
0 0 0 0 0 0 0 0 0 
1.74131e-05 -1.07078e-05 -6.70633e-06 2.88271e-06 -6.64063e-07 -2.22153e-06 1.50163e-06 -2.41529e-06 9.11258e-07 
6.91811e-05 -4.25478e-05 -2.66492e-05 1.14421e-05 -2.64976e-06 -8.83789e-06 5.95677e-06 -9.60582e-06 3.61111e-06 
0.000154591 -9.51002e-05 -5.95703e-05 2.55288e-05 -5.96331e-06 -1.97931e-05 1.32776e-05 -2.15023e-05 8.03526e-06 
0.000272923 -0.000167952 -0.000105218 4.49732e-05 -1.06305e-05 -3.50522e-05 2.33601e-05 -3.80535e-05 1.41026e-05 
0.000423449 -0.000260698 -0.000163349 6.95867e-05 -1.66946e-05 -5.46008e-05 3.60865e-05 -5.92258e-05 2.17168e-05 
0.000605436 -0.000372934 -0.000233723 9.91634e-05 -2.42136e-05 -7.84442e-05 5.13269e-05 -8.50034e-05 3.07673e-05 
0.000818143 -0.000504266 -0.000316109 0.000133481 -3.32577e-05 -0.000106607 6.89428e-05 -0.000115389 4.11313e-05 
0.00106082 -0.0006543 -0.000410279 0.000172304 -4.39066e-05 -0.000139135 8.87889e-05 -0.000150404 5.2675e-05 
0.00133273 -0.000822644 -0.000516011 0.000215381 -5.62467e-05 -0.000176091 0.000110716 -0.000190088 6.5255e-05 
0.00163309 -0.00100891 -0.000633087 0.000262452 -7.0368e-05 -0.000217559 0.000134576 -0.000234504 7.872e-05 
0.00196115 -0.00121271 -0.000761295 0.000313243 -8.63607e-05 -0.000263643 0.00016022 -0.000283735 9.29125e-05 
0.00231614 -0.00143365 -0.000900425 0.000367476 -0.000104314 -0.000314466 0.000187505 -0.000337884 0.00010767 
0.00269727 -0.00167136 -0.00105027 0.000424863 -0.000124311 -0.000370171 0.000216298 -0.000397078 0.000122825 
0.00310378 -0.00192542 -0.00121063 0.000485106 -0.000146426 -0.000430921 0.000246476 -0.000461472 0.000138212 
0.00353485 -0.00219545 -0.0013813 0.000547911 -0.000170726 -0.0004969 0.000277926 -0.000531236 0.000153661 
0.00398972 -0.00248106 -0.00156209 0.000612977 -0.000197264 -0.000568309 0.00031055 -0.000606569 0.000169006 
0.00446757 -0.00278183 -0.0017528 0.000679994 -0.000226071 -0.000645368 0.000344281 -0.000687703 0.000184083 
0.0049676 -0.00309737 -0.00195323 0.00074867 -0.000257173 -0.000728318 0.000379052 -0.000774873 0.000198731 
0.005489 -0.00342726 -0.00216319 0.000818708 -0.000290574 -0.000817415 0.000414823 -0.000868348 0.000212795 
0.00603095 -0.00377106 -0.00238251 0.000889791 -0.000326239 -0.000912929 0.000451601 -0.000968441 0.000226129 
0.00659264 -0.00412837 -0.00261097 0.000961653 -0.000364144 -0.00101515 0.000489375 -0.00107544 0.000238591 
0.00717325 -0.00449875 -0.00284838 0.00103402 -0.000404229 -0.00112438 0.000528178 -0.00118967 0.000250053 
0.00777194 -0.00488173 -0.00309457 0.00110657 -0.000446382 -0.00124092 0.000568102 -0.00131153 0.000260394 
0.00838789 -0.0052769 -0.00334934 0.0011791 -0.000490527 -0.0013651 0.000609196 -0.00144132 0.000269505 
0.00902028 -0.00568379 -0.00361247 0.00125136 -0.000536539 -0.00149723 0.000651561 -0.00157942 0.000277293 
0.00966823 -0.00610188 -0.00388382 0.00132304 -0.000584227 -0.00163766 0.000695382 -0.00172627 0.000283671 
0.010331 -0.00653076 -0.00416315 0.00139402 -0.000633471 -0.00178671 0.000740754 -0.00188218 0.000288575 
0.0110076 -0.00696995 -0.00445026 0.00146411 -0.000684091 -0.00194471 0.000787838 -0.00204754 0.000291952 
0.0116973 -0.00741887 -0.004745 0.001533 -0.000735826 -0.00211197 0.000836906 -0.00222282 0.00029375 
0.0123992 -0.0078771 -0.0050471 0.00160067 -0.000788532 -0.00228881 0.000888073 -0.00240828 0.000293957 
0.0131126 -0.00834414 -0.00535636 0.001667 -0.000841994 -0.00247553 0.000941542 -0.00260426 0.000292571 
0.0138365 -0.00881934 -0.00567265 0.00173169 -0.000895903 -0.00267242 0.000997651 -0.00281128 0.000289565 
0.0145701 -0.00930233 -0.00599566 0.00179486 -0.000950114 -0.00287973 0.00105651 -0.00302947 0.000284991 
0.0153127 -0.00979256 -0.00632516 0.00185646 -0.0010044 -0.0030977 0.00111833 -0.0032591 0.000278892 
0.0160633 -0.0102893 -0.00666105 0.00191616 -0.00105844 -0.00332655 0.00118349 -0.00350067 0.000271255 
0.0168211 -0.0107923 -0.00700298 0.00197425 -0.0011121 -0.00356646 0.00125206 -0.00375417 0.000262205 
0.0175855 -0.0113009 -0.00735069 0.00203075 -0.00116518 -0.00381757 0.00132424 -0.00401975 0.000251829 
0.0183554 -0.0118143 -0.00770412 0.0020853 -0.00121738 -0.00408001 0.00140041 -0.00429786 0.000240102 
0.0191302 -0.0123323 -0.00806284 0.00213834 -0.0012686 -0.00435385 0.00148057 -0.00458829 0.000227233 
0.019909 -0.0128542 -0.00842656 0.00218997 -0.00131867 -0.00463909 0.00156489 -0.00489107 0.00021335 
0.020691 -0.0133793 -0.00879529 0.00223976 -0.00136735 -0.00493579 0.0016537 -0.00520656 0.000198383 
0.0214756 -0.0139073 -0.0091685 0.00228833 -0.00141459 -0.00524383 0.00174692 -0.00553434 0.000182642 
0.0222619 -0.0144376 -0.00954588 0.00233579 -0.00146026 -0.00556311 0.00184466 -0.00587429 0.000166287 
0.023049 -0.0149693 -0.00992749 0.00238166 -0.00150421 -0.00589357 0.00194718 -0.00622666 0.000149171 
0.0238365 -0.0155022 -0.0103127 0.00242669 -0.0015464 -0.00623491 0.00205432 -0.00659081 0.000131722 
0.0246235 -0.0160357 -0.0107012 0.00247103 -0.00158677 -0.0065869 0.00216611 -0.00696647 0.000114128 
0.0254091 -0.016569 -0.011093 0.00251407 -0.00162527 -0.00694936 0.0022827 -0.00735377 9.61285e-05 
0.0261929 -0.0171018 -0.0114875 0.0025567 -0.00166187 -0.00732183 0.00240388 -0.00775187 7.82991e-05 
0.0269742 -0.0176336 -0.0118844 0.00259908 -0.00169652 -0.00770392 0.00252958 -0.00816034 6.08543e-05 
0.0277524 -0.0181638 -0.0122831 0.00264139 -0.00172917 -0.00809519 0.00265971 -0.0085787 4.40236e-05 
0.0285263 -0.0186915 -0.012684 0.00268281 -0.00175995 -0.00849537 0.00279428 -0.00900692 2.73563e-05 
0.0292958 -0.0192166 -0.0130862 0.0027244 -0.00178873 -0.00890374 0.002933 -0.00944395 1.1688e-05 
0.0300603 -0.0197385 -0.0134892 0.00276629 -0.00181545 -0.00931975 0.0030757 -0.00988916 -2.70173e-06 
0.030819 -0.0202567 -0.0138927 0.00280864 -0.00184003 -0.0097428 0.00322221 -0.0103419 -1.5501e-05 
0.0315716 -0.0207706 -0.0142963 0.00285156 -0.00186236 -0.0101722 0.00337231 -0.0108015 -2.63547e-05 
0.0323165 -0.0212789 -0.0147008 0.00289318 -0.00188296 -0.010608 0.00352581 -0.0112681 -3.66574e-05 
0.0330539 -0.0217819 -0.0151045 0.00293546 -0.00190109 -0.0110488 0.00368237 -0.0117401 -4.44216e-05 
0.0337834 -0.0222788 -0.0155073 0.00297851 -0.0019164 -0.0114941 0.00384173 -0.0122167 -4.90871e-05 
0.0345044 -0.0227691 -0.0159085 0.00302241 -0.00192833 -0.011943 0.00400361 -0.0126971 -4.99431e-05 
0.0352163 -0.0232521 -0.0163077 0.00306723 -0.00193602 -0.0123948 0.00416773 -0.0131805 -4.60564e-05 
0.0359179 -0.0237265 -0.0167059 0.00311074 -0.00193942 -0.0128494 0.00433363 -0.0136668 -3.89456e-05 
0.0366094 -0.0241921 -0.0171014 0.00315515 -0.00193532 -0.0133056 0.0045011 -0.0141544 -2.47239e-05 
0.0372904 -0.0246479 -0.0174937 0.00320053 -0.00191981 -0.0137623 0.00466981 -0.0146423 -1.09064e-06 
0.0379603 -0.0250927 -0.0178822 0.0032469 -0.00188548 -0.0142188 0.00483945 -0.0151297 3.53627e-05 
0.0386184 -0.0255249 -0.0182674 0.00329283 -0.00181984 -0.014675 0.00500951 -0.0156162 8.69243e-05 
0.0392639 -0.0259427 -0.0186489 0.00333829 -0.00169626 -0.0151299 0.00517962 -0.0161008 0.000159625 
0.0398972 -0.0263433 -0.0190253 0.00338469 -0.00146306 -0.0155824 0.0053496 -0.016582 0.000265842 
0.0405177 -0.0267224 -0.0193961 0.00343205 -0.0010685 -0.0160315 0.00551912 -0.0170591 0.000419384 
0.041125 -0.0270733 -0.0197608 0.00348039 -0.000522236 -0.0164766 0.00568787 -0.0175309 0.000635739 
0.0417182 -0.0273868 -0.0201197 0.00352822 0.000100949 -0.0169174 0.00585526 -0.017997 0.000916403 
0.0422975 -0.0276465 -0.0204715 0.00357699 0.000763366 -0.0173526 0.0060212 -0.018456 0.00126501 
0.0428624 -0.0278306 -0.0208155 0.00362674 0.00143951 -0.0177814 0.00618536 -0.0189069 0.00166837 
0.0434126 -0.0279187 -0.0211512 0.0036775 0.00211641 -0.018203 0.00634744 -0.0193485 0.00210896 
0.0439471 -0.0279157 -0.0214789 0.00372768 0.00277258 -0.0186174 0.00650684 -0.0197805 0.00255772 
0.0444662 -0.0278339 -0.0217971 0.00377883 0.00341818 -0.0190232 0.00666351 -0.0202013 0.00301568 
0.0449695 -0.0276978 -0.0221052 0.00383098 0.00405068 -0.0194197 0.00681717 -0.0206097 0.00347544 
0.0454565 -0.0275281 -0.0224023 0.00388415 0.00466828 -0.0198062 0.00696753 -0.0210047 0.00393199 
0.045927 -0.0273388 -0.0226879 0.00393838 0.00526963 -0.020182 0.00711431 -0.021385 0.00438186 
0.0463799 -0.0271587 -0.022963 0.00399081 0.00583193 -0.0205477 0.00725667 -0.0217507 0.00480067 
0.0468155 -0.026974 -0.0232252 0.00404408 0.006376 -0.0209014 0.00739486 -0.0220994 0.00520836 
0.0472336 -0.0267881 -0.0234736 0.00409817 0.00690107 -0.0212426 0.00752862 -0.02243 0.0056037 
0.0476337 -0.0266033 -0.0237076 0.00415303 0.00740644 -0.0215706 0.00765769 -0.0227411 0.00598573 
0.0480149 -0.0264379 -0.0239283 0.0042058 0.00787386 -0.021886 0.00778132 -0.0230331 0.00633554 
0.0483775 -0.0262765 -0.0241333 0.00425891 0.00832043 -0.0221872 0.00789973 -0.0233036 0.00667059 
0.0487211 -0.0261199 -0.0243219 0.00431218 0.00874559 -0.0224735 0.00801269 -0.0235514 0.00699032 
0.0490454 -0.0259688 -0.0244934 0.00436541 0.00914878 -0.0227444 0.00811996 -0.0237757 0.0072942 
0.0493498 -0.0258321 -0.024649 0.00441674 0.00952092 -0.0230001 0.00822105 -0.0239773 0.00757293 
0.0496338 -0.0257089 -0.0247886 0.00446595 0.00986298 -0.02324 0.00831577 -0.0241563 0.00782759 
0.0498975 -0.0255928 -0.0249111 0.00451396 0.0101816 -0.0234631 0.0084041 -0.0243119 0.00806517 
0.0501404 -0.0254842 -0.0250168 0.0045604 0.0104763 -0.0236689 0.00848584 -0.0244449 0.00828523 
0.0503622 -0.0253835 -0.0251065 0.00460482 0.0107464 -0.023857 0.00856078 -0.0245567 0.00848735 
0.0505623 -0.0252965 -0.0251825 0.00464549 0.0109859 -0.0240274 0.00862851 -0.0246504 0.00866527 
0.0507405 -0.0252181 -0.0252447 0.00468314 0.0111999 -0.0241792 0.00868903 -0.0247266 0.00882443 
0.0508963 -0.0251486 -0.0252945 0.00471727 0.0113878 -0.0243121 0.00874211 -0.0247873 0.0089644 
0.0510294 -0.0250884 -0.0253332 0.0047474 0.011549 -0.0244255 0.00878758 -0.0248345 0.0090847 
0.0511392 -0.0250439 -0.0253646 0.00477149 0.0116766 -0.0245198 0.008825 -0.0248725 0.00917836 
0.0512253 -0.0250093 -0.0253878 0.00479065 0.0117764 -0.0245938 0.00885441 -0.0249006 0.00925147 
0.0512874 -0.024985 -0.0254039 0.00480448 0.0118477 -0.0246473 0.00887562 -0.0249202 0.00930351 
0.0504277 -0.0255745 -0.0257727 0.00447785 0.0100559 -0.0236726 0.00867857 -0.0239036 0.00715901 
0.0493771 -0.0261538 -0.0260456 0.0044747 0.00803417 -0.0225353 0.00843779 -0.0229136 0.00490161 
0.0485479 -0.0264422 -0.0262048 0.0043388 0.00662507 -0.0215807 0.00823935 -0.022417 0.00336584 
0.0479848 -0.026533 -0.0262689 0.0037796 0.00588339 -0.0208468 0.00811667 -0.0224062 0.00257503 
0.0476268 -0.0265943 -0.0262308 0.00300337 0.00560938 -0.0203037 0.00806604 -0.0226678 0.00228578 
0.0474204 -0.0266654 -0.0261163 0.00232177 0.00561182 -0.0199238 0.0080583 -0.0229932 0.00225937 
0.047335 -0.0267232 -0.0259951 0.0018576 0.00576689 -0.0196839 0.00805785 -0.0232668 0.00233983 
0.047348 -0.0267521 -0.0259233 0.00156034 0.00600223 -0.0195574 0.0080383 -0.0234448 0.00244671 
0.0474351 -0.0267527 -0.0259126 0.00136634 0.00627501 -0.0195141 0.00798744 -0.0235183 0.00254989 
0.0475702 -0.0267335 -0.0259436 0.00125142 0.00655834 -0.0195246 0.00790531 -0.0234969 0.00264726 
0.0477272 -0.0267041 -0.0259884 0.00121056 0.00683321 -0.0195637 0.00780033 -0.0234029 0.00274765 
0.0478833 -0.0266725 -0.0260263 0.00123173 0.00708407 -0.0196116 0.00768508 -0.0232668 0.00285892 
0.0480198 -0.0266446 -0.0260474 0.00128638 0.00729736 -0.0196544 0.00757274 -0.0231207 0.00298154 
0.048124 -0.0266241 -0.0260502 0.00133954 0.00746216 -0.0196831 0.00747444 -0.0229914 0.00310776 
0.0481889 -0.0266134 -0.0260368 0.00136533 0.00757167 -0.0196934 0.007398 -0.0228961 0.0032249 
0.0482135 -0.0266133 -0.02601 0.00135418 0.00762445 -0.0196847 0.00734753 -0.0228412 0.00332003 
0.0482018 -0.0266231 -0.025973 0.00131078 0.00762473 -0.0196595 0.00732367 -0.0228254 0.00338375 
0.048161 -0.0266411 -0.0259298 0.00124777 0.00758164 -0.0196222 0.00732412 -0.0228421 0.00341225 
0.0481006 -0.0266645 -0.0258851 0.00117932 0.0075077 -0.0195782 0.00734435 -0.0228827 0.00340739 
0.0480308 -0.0266902 -0.025844 0.00111645 0.0074169 -0.0195331 0.00737839 -0.0229384 0.00337553 
0.0479611 -0.026715 -0.025811 0.00106512 0.00732286 -0.0194916 0.00741968 -0.0230008 0.0033257 
0.0478997 -0.0267364 -0.0257894 0.00102671 0.00723722 -0.0194576 0.0074619 -0.0230623 0.0032676 
0.0478524 -0.0267527 -0.0257805 0.000999923 0.00716863 -0.0194335 0.00749963 -0.0231167 0.00320996 
0.0478225 -0.0267631 -0.0257836 0.000982751 0.00712216 -0.0194203 0.00752889 -0.0231594 0.00315947 
0.0478106 -0.0267678 -0.0257966 0.000973599 0.0070993 -0.0194175 0.00754742 -0.0231875 0.00312039 
0.0478151 -0.0267677 -0.0258161 0.000971531 0.00709843 -0.0194235 0.00755468 -0.0232002 0.00309473 
0.0478327 -0.0267642 -0.0258385 0.000975856 0.00711554 -0.019436 0.00755166 -0.0231983 0.00308256 
0.047859 -0.0267586 -0.0258605 0.000985541 0.00714513 -0.0194523 0.00754044 -0.0231848 0.00308259 
0.0478893 -0.0267524 -0.0258796 0.000998857 0.00718117 -0.0194698 0.00752375 -0.0231631 0.00309245 
0.0479192 -0.0267466 -0.025894 0.00101346 0.00721788 -0.0194862 0.00750452 -0.0231376 0.00310913 
0.0479453 -0.0267424 -0.0259031 0.00102683 0.00725041 -0.0194997 0.00748544 -0.0231122 0.00312931 
0.047965 -0.0267401 -0.0259069 0.00103686 0.00727522 -0.0195092 0.00746873 -0.0230902 0.00314974 
0.0479772 -0.02674 -0.0259062 0.0010423 0.00729032 -0.0195143 0.00745591 -0.0230737 0.0031676 
0.0479817 -0.0267422 -0.0259018 0.00104289 0.00729519 -0.0195152 0.0074478 -0.0230639 0.00318083 
0.0479794 -0.0267463 -0.0258951 0.00103924 0.00729065 -0.0195126 0.00744451 -0.0230608 0.00318824 
0.0479716 -0.0267518 -0.0258873 0.0010325 0.00727849 -0.0195073 0.00744557 -0.0230637 0.00318959 
0.0479602 -0.0267582 -0.0258797 0.00102401 0.00726109 -0.0195005 0.00745009 -0.0230712 0.00318543 
0.0479473 -0.0267648 -0.0258731 0.00101503 0.00724106 -0.0194934 0.00745691 -0.0230818 0.00317691 
0.0479346 -0.0267711 -0.0258683 0.00100658 0.00722087 -0.0194868 0.0074648 -0.0230938 0.00316554 
0.0479236 -0.0267767 -0.0258658 0.000999325 0.0072026 -0.0194815 0.00747262 -0.0231056 0.00315287 
0.0479153 -0.0267814 -0.0258656 0.000993681 0.00718774 -0.019478 0.00747943 -0.0231159 0.00314037 
0.0479102 -0.026785 -0.0258674 0.000989797 0.00717711 -0.0194763 0.00748456 -0.023124 0.0031292 
0.0479085 -0.0267876 -0.0258708 0.000987632 0.00717089 -0.0194765 0.00748767 -0.0231293 0.00312014 
0.0479097 -0.0267894 -0.0258753 0.000986991 0.00716872 -0.0194782 0.00748871 -0.0231318 0.0031136 
0.0479131 -0.0267905 -0.0258801 0.000987558 0.00716981 -0.0194809 0.0074879 -0.0231316 0.00310962 
0.0479181 -0.0267913 -0.0258849 0.00098894 0.00717312 -0.0194843 0.00748564 -0.0231295 0.00310795 
0.0479231 -0.026792 -0.0258897 0.000990373 0.00717646 -0.0194877 0.00748338 -0.0231273 0.0031063 
0.0479285 -0.0267928 -0.025893 0.000992105 0.00718096 -0.019491 0.00747974 -0.0231232 0.00310768 
0.0479338 -0.0267936 -0.0258955 0.000993783 0.0071855 -0.019494 0.00747568 -0.0231186 0.00311026 
0.047938 -0.0267949 -0.025897 0.000994828 0.0071886 -0.0194962 0.00747207 -0.0231145 0.00311282 
0.0479405 -0.0267965 -0.0258975 0.000994996 0.00718965 -0.0194975 0.00746933 -0.0231116 0.00311475 
0.0479414 -0.0267987 -0.0258972 0.000994281 0.00718857 -0.0194979 0.00746758 -0.0231101 0.00311571 
0.0479409 -0.0268012 -0.0258964 0.000992802 0.00718558 -0.0194976 0.00746682 -0.02311 0.0031155 
0.0479393 -0.0268039 -0.0258954 0.000990745 0.00718106 -0.0194968 0.00746696 -0.023111 0.00311409 
0.047937 -0.0268068 -0.0258944 0.000988332 0.0071755 -0.0194956 0.00746781 -0.023113 0.0031116 
0.0479343 -0.0268098 -0.0258937 0.000985786 0.00716944 -0.0194943 0.00746913 -0.0231157 0.00310825 
0.0479317 -0.0268126 -0.0258933 0.000983307 0.00716338 -0.0194932 0.00747065 -0.0231186 0.00310435 
0.0479295 -0.0268153 -0.0258934 0.000981047 0.00715774 -0.0194924 0.00747216 -0.0231215 0.0031002 
0.0479278 -0.0268178 -0.025894 0.000979107 0.00715284 -0.0194919 0.00747345 -0.0231241 0.00309611 
0.0479262 -0.0268202 -0.0258945 0.000977192 0.00714797 -0.0194914 0.00747474 -0.0231267 0.00309205 
0.0479252 -0.0268224 -0.0258955 0.000975641 0.00714399 -0.0194912 0.00747568 -0.0231288 0.00308827 
0.0479255 -0.0268242 -0.0258971 0.000974795 0.00714184 -0.0194919 0.00747579 -0.0231298 0.00308535 
0.0479265 -0.0268258 -0.025899 0.000974268 0.00714052 -0.0194928 0.00747547 -0.0231301 0.00308296 
0.0479278 -0.0268274 -0.0259008 0.000973924 0.00713973 -0.0194939 0.00747482 -0.02313 0.00308112 
0.0479292 -0.0268288 -0.0259024 0.000973677 0.00713924 -0.019495 0.00747392 -0.0231296 0.00307977 
0.0479307 -0.0268303 -0.0259038 0.000973431 0.00713881 -0.019496 0.0074729 -0.0231289 0.00307877 
0.0479319 -0.0268319 -0.025905 0.000973101 0.00713822 -0.0194969 0.00747188 -0.0231283 0.00307796 
0.0479329 -0.0268335 -0.0259059 0.000972624 0.00713727 -0.0194976 0.00747097 -0.0231278 0.00307716 
0.0479335 -0.0268352 -0.0259065 0.000971968 0.0071359 -0.0194981 0.00747024 -0.0231275 0.00307625 
0.0479341 -0.0268369 -0.0259071 0.000971321 0.00713453 -0.0194986 0.00746951 -0.0231273 0.00307535 
0.047934 -0.0268388 -0.0259075 0.000970324 0.00713226 -0.0194987 0.00746924 -0.0231276 0.00307398 
0.0479336 -0.0268408 -0.0259077 0.000969168 0.00712957 -0.0194987 0.0074692 -0.0231283 0.00307237 
0.047933 -0.0268427 -0.0259079 0.000967936 0.00712666 -0.0194985 0.00746932 -0.0231291 0.00307052 
0.0479323 -0.0268447 -0.0259081 0.000966675 0.00712362 -0.0194984 0.00746957 -0.0231302 0.00306846 
0.0479317 -0.0268466 -0.0259085 0.000965429 0.00712059 -0.0194983 0.00746987 -0.0231313 0.00306626 
0.0479311 -0.0268485 -0.025909 0.000964237 0.00711767 -0.0194982 0.00747018 -0.0231324 0.003064 
0.0479307 -0.0268503 -0.0259096 0.000963128 0.00711495 -0.0194982 0.00747044 -0.0231334 0.00306175 
0.0479304 -0.0268521 -0.0259103 0.000962116 0.00711246 -0.0194984 0.00747061 -0.0231343 0.00305958 
0.0479303 -0.0268537 -0.025911 0.000961202 0.00711023 -0.0194986 0.00747068 -0.0231351 0.00305754 
0.0479304 -0.0268554 -0.0259119 0.000960376 0.00710823 -0.0194989 0.00747064 -0.0231357 0.00305564 
0.0479306 -0.0268569 -0.0259127 0.000959622 0.00710643 -0.0194992 0.00747049 -0.0231361 0.00305388 
0.0479309 -0.0268585 -0.0259136 0.000958917 0.00710477 -0.0194996 0.00747027 -0.0231365 0.00305227 
0.0479312 -0.02686 -0.0259144 0.000958239 0.00710318 -0.0195 0.00747 -0.0231368 0.00305077 
0.0479315 -0.0268615 -0.0259151 0.000957566 0.00710162 -0.0195004 0.00746971 -0.023137 0.00304934 
0.0479318 -0.026863 -0.0259159 0.000956902 0.00710008 -0.0195008 0.00746941 -0.0231372 0.00304794 
0.0479321 -0.0268645 -0.0259166 0.000956226 0.00709851 -0.0195011 0.00746912 -0.0231375 0.00304658 
0.0479322 -0.026866 -0.0259172 0.000955495 0.00709681 -0.0195014 0.00746888 -0.0231377 0.00304523 
0.0479323 -0.0268675 -0.0259177 0.000954733 0.00709503 -0.0195016 0.00746867 -0.0231381 0.00304387 
0.0479323 -0.0268691 -0.0259182 0.000953941 0.00709317 -0.0195018 0.00746852 -0.0231385 0.00304246 
0.0479323 -0.0268706 -0.0259187 0.000953122 0.00709122 -0.019502 0.00746842 -0.0231389 0.00304099 
0.0479321 -0.0268721 -0.0259192 0.000952287 0.00708923 -0.0195021 0.00746837 -0.0231394 0.00303947 
0.047932 -0.0268737 -0.0259196 0.000951448 0.00708721 -0.0195022 0.00746835 -0.02314 0.00303791 
0.0479319 -0.0268752 -0.0259201 0.000950617 0.0070852 -0.0195024 0.00746835 -0.0231406 0.00303632 
0.0479317 -0.0268767 -0.0259207 0.000949802 0.00708324 -0.0195025 0.00746834 -0.0231411 0.00303473 
0.0479317 -0.0268781 -0.0259212 0.00094901 0.00708132 -0.0195026 0.00746833 -0.0231417 0.00303316 
0.0479316 -0.0268796 -0.0259218 0.000948245 0.00707947 -0.0195028 0.00746829 -0.0231422 0.00303161 
0.0479316 -0.026881 -0.0259223 0.000947505 0.00707769 -0.019503 0.00746824 -0.0231427 0.00303009 
0.0479316 -0.0268824 -0.0259229 0.000946791 0.00707598 -0.0195032 0.00746816 -0.0231432 0.00302862 
0.0479317 -0.0268837 -0.0259235 0.000946096 0.00707431 -0.0195035 0.00746805 -0.0231436 0.00302719 
0.0479318 -0.0268851 -0.0259241 0.000945418 0.00707269 -0.0195037 0.00746793 -0.0231439 0.0030258 
0.0479319 -0.0268864 -0.0259247 0.00094475 0.0070711 -0.0195039 0.0074678 -0.0231443 0.00302445 
0.0479319 -0.0268878 -0.0259253 0.000944089 0.00706953 -0.0195042 0.00746766 -0.0231447 0.00302312 
0.047932 -0.0268891 -0.0259258 0.000943429 0.00706796 -0.0195044 0.00746753 -0.023145 0.00302181 
0.0479321 -0.0268904 -0.0259263 0.000942768 0.00706639 -0.0195046 0.0074674 -0.0231454 0.00302051 
0.0479321 -0.0268917 -0.0259268 0.000942105 0.00706481 -0.0195048 0.00746728 -0.0231457 0.00301922 
0.0479322 -0.026893 -0.0259273 0.000941439 0.00706322 -0.019505 0.00746717 -0.0231461 0.00301793 
0.0479322 -0.0268943 -0.0259278 0.000940772 0.00706162 -0.0195052 0.00746707 -0.0231465 0.00301664 
0.0479322 -0.0268956 -0.0259283 0.000940105 0.00706002 -0.0195053 0.00746698 -0.0231469 0.00301534 
0.0479322 -0.0268969 -0.0259288 0.000939439 0.00705842 -0.0195055 0.0074669 -0.0231472 0.00301405 
0.0479322 -0.0268982 -0.0259292 0.000938777 0.00705683 -0.0195057 0.00746683 -0.0231476 0.00301275 
0.0479321 -0.0268994 -0.0259297 0.00093812 0.00705524 -0.0195058 0.00746676 -0.023148 0.00301147 
0.0479321 -0.0269007 -0.0259302 0.000937471 0.00705368 -0.019506 0.00746669 -0.0231484 0.00301018 
0.0479321 -0.0269019 -0.0259307 0.00093683 0.00705214 -0.0195062 0.00746661 -0.0231488 0.00300891 
0.0479321 -0.0269031 -0.0259312 0.000936198 0.00705061 -0.0195063 0.00746654 -0.0231492 0.00300765 
0.0479322 -0.0269043 -0.0259316 0.000935574 0.00704911 -0.0195065 0.00746646 -0.0231496 0.00300641 
0.0479322 -0.0269055 -0.0259321 0.000934959 0.00704763 -0.0195067 0.00746638 -0.02315 0.00300518 
0.0479322 -0.0269067 -0.0259326 0.000934351 0.00704616 -0.0195069 0.00746629 -0.0231503 0.00300397 
0.0479322 -0.0269079 -0.0259331 0.00093375 0.00704472 -0.019507 0.0074662 -0.0231507 0.00300277 
0.0479322 -0.0269091 -0.0259335 0.000933154 0.00704329 -0.0195072 0.00746612 -0.023151 0.00300158 
0.0479323 -0.0269102 -0.025934 0.000932564 0.00704186 -0.0195074 0.00746603 -0.0231513 0.00300041 
0.0479323 -0.0269114 -0.0259344 0.000931977 0.00704045 -0.0195075 0.00746594 -0.0231517 0.00299925 
0.0479323 -0.0269125 -0.0259349 0.000931393 0.00703905 -0.0195077 0.00746585 -0.023152 0.00299809 
0.0479323 -0.0269137 -0.0259353 0.000930813 0.00703765 -0.0195079 0.00746576 -0.0231523 0.00299695 
0.0479324 -0.0269148 -0.0259358 0.000930237 0.00703626 -0.019508 0.00746568 -0.0231527 0.00299581 
0.0479324 -0.0269159 -0.0259362 0.000929663 0.00703488 -0.0195082 0.0074656 -0.023153 0.00299468 
0.0479324 -0.026917 -0.0259366 0.000929093 0.0070335 -0.0195084 0.00746552 -0.0231533 0.00299355 
0.0479324 -0.0269181 -0.025937 0.000928527 0.00703214 -0.0195085 0.00746545 -0.0231537 0.00299243 
0.0479324 -0.0269192 -0.0259375 0.000927965 0.00703078 -0.0195087 0.00746537 -0.023154 0.00299132 
0.0479324 -0.0269203 -0.0259379 0.000927407 0.00702943 -0.0195088 0.0074653 -0.0231543 0.00299022 
0.0479324 -0.0269214 -0.0259383 0.000926854 0.00702809 -0.019509 0.00746522 -0.0231547 0.00298912 
0.0479324 -0.0269225 -0.0259387 0.000926306 0.00702677 -0.0195091 0.00746515 -0.023155 0.00298803 
0.0479325 -0.0269235 -0.0259391 0.000925762 0.00702545 -0.0195093 0.00746508 -0.0231553 0.00298695 
0.0479325 -0.0269246 -0.0259395 0.000925224 0.00702415 -0.0195094 0.00746501 -0.0231556 0.00298588 
0.0479325 -0.0269256 -0.0259399 0.000924689 0.00702286 -0.0195096 0.00746493 -0.0231559 0.00298482 
0.0479325 -0.0269267 -0.0259403 0.00092416 0.00702158 -0.0195097 0.00746486 -0.0231562 0.00298377 
0.0479325 -0.0269277 -0.0259407 0.000923635 0.0070203 -0.0195099 0.00746478 -0.0231565 0.00298272 
0.0479325 -0.0269287 -0.0259411 0.000923113 0.00701904 -0.01951 0.00746471 -0.0231568 0.00298169 
0.0479325 -0.0269297 -0.0259415 0.000922596 0.00701779 -0.0195102 0.00746464 -0.0231571 0.00298066 
0.0479326 -0.0269307 -0.0259419 0.000922083 0.00701655 -0.0195103 0.00746456 -0.0231574 0.00297964 
0.0479326 -0.0269317 -0.0259423 0.000921573 0.00701531 -0.0195105 0.00746449 -0.0231577 0.00297863 
0.0479326 -0.0269327 -0.0259427 0.000921066 0.00701408 -0.0195106 0.00746442 -0.023158 0.00297762 
0.0479326 -0.0269337 -0.0259431 0.000920563 0.00701287 -0.0195107 0.00746435 -0.0231583 0.00297662 
0.0479326 -0.0269347 -0.0259434 0.000920064 0.00701165 -0.0195109 0.00746428 -0.0231586 0.00297563 
0.0479326 -0.0269356 -0.0259438 0.000919568 0.00701045 -0.019511 0.00746421 -0.0231589 0.00297465 
0.0479326 -0.0269366 -0.0259442 0.000919076 0.00700926 -0.0195112 0.00746414 -0.0231592 0.00297367 
0.0479327 -0.0269376 -0.0259446 0.000918587 0.00700807 -0.0195113 0.00746408 -0.0231595 0.0029727 
0.0479327 -0.0269385 -0.0259449 0.000918101 0.00700689 -0.0195114 0.00746401 -0.0231598 0.00297174 
0.0479327 -0.0269394 -0.0259453 0.00091762 0.00700572 -0.0195116 0.00746394 -0.02316 0.00297078 
0.0479327 -0.0269404 -0.0259457 0.000917141 0.00700456 -0.0195117 0.00746388 -0.0231603 0.00296983 
0.0479327 -0.0269413 -0.025946 0.000916667 0.00700341 -0.0195118 0.00746381 -0.0231606 0.00296888 
0.0479327 -0.0269422 -0.0259464 0.000916195 0.00700226 -0.019512 0.00746375 -0.0231609 0.00296795 
0.0479327 -0.0269431 -0.0259467 0.000915728 0.00700112 -0.0195121 0.00746368 -0.0231611 0.00296701 
0.0479327 -0.0269441 -0.0259471 0.000915263 0.007 -0.0195122 0.00746362 -0.0231614 0.00296609 
0.0479328 -0.026945 -0.0259474 0.000914802 0.00699887 -0.0195124 0.00746355 -0.0231617 0.00296517 
0.0479328 -0.0269459 -0.0259478 0.000914344 0.00699776 -0.0195125 0.00746349 -0.0231619 0.00296426 
0.0479328 -0.0269467 -0.0259481 0.00091389 0.00699666 -0.0195126 0.00746342 -0.0231622 0.00296336 
0.0479328 -0.0269476 -0.0259485 0.000913438 0.00699556 -0.0195127 0.00746336 -0.0231625 0.00296246 
0.0479328 -0.0269485 -0.0259488 0.00091299 0.00699447 -0.0195129 0.0074633 -0.0231627 0.00296157 
0.0479328 -0.0269494 -0.0259491 0.000912545 0.00699338 -0.019513 0.00746324 -0.023163 0.00296068 
0.0479328 -0.0269502 -0.0259495 0.000912104 0.00699231 -0.0195131 0.00746317 -0.0231633 0.0029598 
0.0479328 -0.0269511 -0.0259498 0.000911665 0.00699124 -0.0195132 0.00746311 -0.0231635 0.00295893 
0.0479329 -0.026952 -0.0259501 0.000911229 0.00699017 -0.0195134 0.00746305 -0.0231638 0.00295806 
0.0479329 -0.0269528 -0.0259505 0.000910796 0.00698912 -0.0195135 0.00746299 -0.023164 0.0029572 
0.0479329 -0.0269537 -0.0259508 0.000910365 0.00698807 -0.0195136 0.00746293 -0.0231643 0.00295634 
0.0479329 -0.0269545 -0.0259511 0.000909937 0.00698702 -0.0195137 0.00746287 -0.0231645 0.00295549 
0.0479329 -0.0269553 -0.0259514 0.000909512 0.00698599 -0.0195139 0.00746281 -0.0231648 0.00295464 
0.0479329 -0.0269562 -0.0259518 0.00090909 0.00698496 -0.019514 0.00746275 -0.023165 0.0029538 
0.0479329 -0.026957 -0.0259521 0.000908671 0.00698394 -0.0195141 0.0074627 -0.0231652 0.00295297 
0.0479329 -0.0269578 -0.0259524 0.000908255 0.00698292 -0.0195142 0.00746264 -0.0231655 0.00295214 
0.0479329 -0.0269586 -0.0259527 0.000907842 0.00698191 -0.0195143 0.00746258 -0.0231657 0.00295131 
0.047933 -0.0269594 -0.025953 0.000907431 0.00698091 -0.0195144 0.00746252 -0.023166 0.00295049 
0.047933 -0.0269602 -0.0259533 0.000907023 0.00697992 -0.0195146 0.00746247 -0.0231662 0.00294968 
0.047933 -0.026961 -0.0259536 0.000906618 0.00697893 -0.0195147 0.00746241 -0.0231664 0.00294887 
0.047933 -0.0269618 -0.0259539 0.000906216 0.00697794 -0.0195148 0.00746235 -0.0231667 0.00294807 
0.047933 -0.0269626 -0.0259542 0.000905816 0.00697697 -0.0195149 0.0074623 -0.0231669 0.00294727 
0.047933 -0.0269633 -0.0259545 0.000905419 0.006976 -0.019515 0.00746224 -0.0231671 0.00294648 
0.047933 -0.0269641 -0.0259548 0.000905024 0.00697503 -0.0195151 0.00746219 -0.0231674 0.0029457 
0.047933 -0.0269649 -0.0259551 0.000904632 0.00697407 -0.0195152 0.00746213 -0.0231676 0.00294491 
0.047933 -0.0269657 -0.0259554 0.000904243 0.00697312 -0.0195153 0.00746208 -0.0231678 0.00294414 
0.047933 -0.0269664 -0.0259557 0.000903856 0.00697217 -0.0195155 0.00746202 -0.023168 0.00294336 
0.0479331 -0.0269672 -0.025956 0.000903471 0.00697123 -0.0195156 0.00746197 -0.0231683 0.0029426 
0.0479331 -0.0269679 -0.0259563 0.000903089 0.0069703 -0.0195157 0.00746191 -0.0231685 0.00294183 
0.0479331 -0.0269687 -0.0259566 0.000902709 0.00696937 -0.0195158 0.00746186 -0.0231687 0.00294108 
0.0479331 -0.0269694 -0.0259569 0.000902332 0.00696844 -0.0195159 0.00746181 -0.0231689 0.00294032 
0.0479331 -0.0269701 -0.0259571 0.000901957 0.00696753 -0.019516 0.00746176 -0.0231691 0.00293958 
0.0479331 -0.0269709 -0.0259574 0.000901584 0.00696661 -0.0195161 0.0074617 -0.0231694 0.00293883 
0.0479331 -0.0269716 -0.0259577 0.000901214 0.00696571 -0.0195162 0.00746165 -0.0231696 0.00293809 
0.0479331 -0.0269723 -0.025958 0.000900846 0.00696481 -0.0195163 0.0074616 -0.0231698 0.00293736 
0.0479331 -0.026973 -0.0259583 0.000900481 0.00696391 -0.0195164 0.00746155 -0.02317 0.00293663 
0.0479332 -0.0269738 -0.0259585 0.000900118 0.00696302 -0.0195165 0.0074615 -0.0231702 0.0029359 
0.0479332 -0.0269745 -0.0259588 0.000899757 0.00696213 -0.0195166 0.00746145 -0.0231704 0.00293518 
0.0479332 -0.0269752 -0.0259591 0.000899398 0.00696125 -0.0195167 0.0074614 -0.0231706 0.00293447 
0.0479332 -0.0269759 -0.0259593 0.000899041 0.00696038 -0.0195168 0.00746135 -0.0231708 0.00293375 
0.0479332 -0.0269766 -0.0259596 0.000898686 0.00695951 -0.0195169 0.0074613 -0.023171 0.00293304 
0.0479332 -0.0269773 -0.0259599 0.000898334 0.00695865 -0.019517 0.00746125 -0.0231712 0.00293234 
0.0479332 -0.0269779 -0.0259601 0.000897984 0.00695779 -0.0195171 0.0074612 -0.0231714 0.00293164 
0.0479332 -0.0269786 -0.0259604 0.000897636 0.00695693 -0.0195172 0.00746115 -0.0231716 0.00293095 
0.0479332 -0.0269793 -0.0259607 0.00089729 0.00695608 -0.0195173 0.0074611 -0.0231718 0.00293025 
0.0479332 -0.02698 -0.0259609 0.000896947 0.00695524 -0.0195174 0.00746105 -0.023172 0.00292957 
0.0479332 -0.0269807 -0.0259612 0.000896605 0.0069544 -0.0195175 0.007461 -0.0231722 0.00292888 
0.0479333 -0.0269813 -0.0259614 0.000896265 0.00695356 -0.0195176 0.00746096 -0.0231724 0.00292821 
