-0.587495215752554 -1.05172209268743 2.51846278094944
-0.587495215752554 -1.05172209268743 2.51846278094944
-0.587495215752554 -1.05172209268743 2.51846278094944
-0.587495215752554 -1.05172209268743 2.51846278094944
-0.587495215752554 -1.05172209268743 2.51846278094944
-0.587495215752554 -1.05172209268743 2.51846278094944
-0.587495215752554 -1.05172209268743 2.51846278094944
-0.587495215752554 -1.05172209268743 2.51846278094944
-0.587495215752554 -1.05172209268743 2.51846278094944
-0.587495215752554 -1.05172209268743 2.51846278094944
-0.587495215752554 -1.05172209268743 2.51846278094944
-0.587495215752554 -1.05172209268743 2.51846278094944
-0.587495215752554 -1.05172209268743 2.51846278094944
-0.587495215752554 -1.05172209268743 2.51846278094944
-0.587495215752554 -1.05172209268743 2.51846278094944
-0.587495215752554 -1.05172209268743 2.51846278094944
-0.587495215752554 -1.05172209268743 2.51846278094944
-0.587495215752554 -1.05172209268743 2.51846278094944
-0.587495215752554 -1.05172209268743 2.51846278094944
-0.587495215752554 -1.05172209268743 2.51846278094944
-0.587495215752554 -1.05172209268743 2.51846278094944
-0.587495215752554 -1.05172209268743 2.51846278094944
-0.587495215752554 -1.05172209268743 2.51846278094944
-0.587495215752554 -1.05172209268743 2.51846278094944
-0.587495215752554 -1.05172209268743 2.51846278094944
-0.587495215752554 -1.05172209268743 2.51846278094944
-0.587495215752554 -1.05172209268743 2.51846278094944
-0.587495215752554 -1.05172209268743 2.51846278094944
-0.587495215752554 -1.05172209268743 2.51846278094944
-0.587495215752554 -1.05172209268743 2.51846278094944
-0.587495215752554 -1.05172209268743 2.51846278094944
-0.587495215752554 -1.05172209268743 2.51846278094944
