0.987566491935666 0.00245716578089187 0.0155139341709134 0.156415166108496
0.987566491935666 0.00245716578089187 0.0155139341709134 0.156415166108496
0.987566491935666 0.00245716578089187 0.0155139341709134 0.156415166108496
0.987566491935666 0.00245716578089187 0.0155139341709134 0.156415166108496
0.987566491935666 0.00245716578089187 0.0155139341709134 0.156415166108496
0.987566491935666 0.00245716578089187 0.0155139341709134 0.156415166108496
0.987566491935666 0.00245716578089187 0.0155139341709134 0.156415166108496
0.987566491935666 0.00245716578089187 0.0155139341709134 0.156415166108496
0.987566491935666 0.00245716578089187 0.0155139341709134 0.156415166108496
0.987566491935666 0.00245716578089187 0.0155139341709134 0.156415166108496
0.987566491935666 0.00245716578089187 0.0155139341709134 0.156415166108496
0.987566491935666 0.00245716578089187 0.0155139341709134 0.156415166108496
0.987566491935666 0.00245716578089187 0.0155139341709134 0.156415166108496
0.987566491935666 0.00245716578089187 0.0155139341709134 0.156415166108496
0.987566491935666 0.00245716578089187 0.0155139341709134 0.156415166108496
0.987566491935666 0.00245716578089187 0.0155139341709134 0.156415166108496
0.987566491935666 0.00245716578089187 0.0155139341709134 0.156415166108496
0.987566491935666 0.00245716578089187 0.0155139341709134 0.156415166108496
0.987566491935666 0.00245716578089187 0.0155139341709134 0.156415166108496
0.987566491935666 0.00245716578089187 0.0155139341709134 0.156415166108496
0.987566491935666 0.00245716578089187 0.0155139341709134 0.156415166108496
0.987566491935666 0.00245716578089187 0.0155139341709134 0.156415166108496
0.987566491935666 0.00245716578089187 0.0155139341709134 0.156415166108496
0.987566491935666 0.00245716578089187 0.0155139341709134 0.156415166108496
0.987566491935666 0.00245716578089187 0.0155139341709134 0.156415166108496
0.987566491935666 0.00245716578089187 0.0155139341709134 0.156415166108496
0.987566491935666 0.00245716578089187 0.0155139341709134 0.156415166108496
0.987566491935666 0.00245716578089187 0.0155139341709134 0.156415166108496
0.987566491935666 0.00245716578089187 0.0155139341709134 0.156415166108496
0.987566491935666 0.00245716578089187 0.0155139341709134 0.156415166108496
0.987566491935666 0.00245716578089187 0.0155139341709134 0.156415166108496
0.987566491935666 0.00245716578089187 0.0155139341709134 0.156415166108496
0.987566491935666 0.00245716578089187 0.0155139341709134 0.156415166108496
0.987566491935666 0.00245716578089187 0.0155139341709134 0.156415166108496
0.987566491935666 0.00245716578089187 0.0155139341709134 0.156415166108496
0.987566491935666 0.00245716578089187 0.0155139341709134 0.156415166108496
0.987566491935666 0.00245716578089187 0.0155139341709134 0.156415166108496
0.987566491935666 0.00245716578089187 0.0155139341709134 0.156415166108496
0.987566491935666 0.00245716578089187 0.0155139341709134 0.156415166108496
0.987566491935666 0.00245716578089187 0.0155139341709134 0.156415166108496
0.987566491935666 0.00245716578089187 0.0155139341709134 0.156415166108496
0.987566491935666 0.00245716578089187 0.0155139341709134 0.156415166108496
0.987566491935666 0.00245716578089187 0.0155139341709134 0.156415166108496
0.987566491935666 0.00245716578089187 0.0155139341709134 0.156415166108496
0.987566491935666 0.00245716578089187 0.0155139341709134 0.156415166108496
0.987566491935666 0.00245716578089187 0.0155139341709134 0.156415166108496
0.987566491935666 0.00245716578089187 0.0155139341709134 0.156415166108496
0.987566491935666 0.00245716578089187 0.0155139341709134 0.156415166108496
