1.17359560858679,0.477058884769003,-1.73899779959313,-0.737938377077204,1.17329352950693,0.476918360703574
1.17420147601377,0.466004697906299,-1.78572639075521,-0.769464354150818,1.17385975056801,0.46583379292905
1.16870186665337,0.452031975363338,-1.82082236331499,-0.796485719453684,1.16832683350419,0.451833209720048
1.15755728154131,0.435299228492968,-1.84518279709941,-0.819079444207865,1.15717579664532,0.43509190284662
1.1418188828753,0.416023779957507,-1.86155041816895,-0.838163551778818,1.14304189271285,0.417211931223248
1.12158488658104,0.394922984330351,-1.86831121095752,-0.852930468508248,1.12205311855818,0.395206897751244
1.09539569907619,0.370681865711306,-1.86400295625304,-0.862076008530992,1.09587057754893,0.370978652954104
1.06467413532575,0.344171373228342,-1.85105406874131,-0.866596895535633,1.06516664110122,0.344489033441673
1.02955518508459,0.315465641755598,-1.82969607980876,-0.866327678211435,1.03005210548192,0.315795729770241
0.99020968859832,0.284651783844212,-1.80024557631619,-0.861159488233573,0.99071579504441,0.284997426697879
0.946727386678924,0.251775144081149,-1.76284400696123,-0.850902867501658,0.947234251868661,0.252130552661726
0.899204874767363,0.216875898241062,-1.71764812383755,-0.8353916129603,0.899710361910578,0.21723942200011
0.847705544116235,0.179968452743544,-1.66474250435947,-0.814436581425771,0.848212896909709,0.180342369822381
0.792210809371155,0.141016171313534,-1.6040368087176,-0.787764958738517,0.792705574109654,0.141389664184861
0.732711351743352,0.0999714263998994,-1.53546233644381,-0.755135085933927,0.733196003853638,0.100346074192243
0.669089029780971,0.0567171849924452,-1.45872330135132,-0.716187842562445,0.669562280231279,0.0570918311623674
0.601110268714227,0.0110587509498181,-1.37328988251083,-0.670436227716991,0.601561417302237,0.0114246683172129
0.528443065357604,-0.0372737135766804,-1.27843893875977,-0.617285666300497,0.528874385597214,-0.0369149549370477
0.50607500348735,-0.0284430796701276,-1.28934195747568,-0.601169733714426,0.506523610947318,-0.0280984769729276
0.48953073773533,-0.00961132476396485,-1.31290679841809,-0.585155116898345,0.489087714332058,-0.00993482625373711
0.471224588700375,0.00856866517685007,-1.33302024423622,-0.566713112710062,0.471223530248423,0.00851124070434978
0.447688853851439,0.0246556156648178,-1.34301780176712,-0.543026657708067,0.448205027981782,0.0249446027979866
0.418540327849491,0.0388010732632028,-1.34033247286449,-0.51383739710714,0.419071633975736,0.0390673207382121
0.384582432252261,0.051438079273171,-1.32690340715955,-0.480988718793683,0.385124319716411,0.0516798134861972
0.347478392352562,0.0635659544274186,-1.30478817071234,-0.445856944122075,0.348022629550762,0.0637801569952268
0.320824543580679,0.0812221029388842,-1.29263987640845,-0.413807942756657,0.321376729422648,0.0814099012287027
0.308521202290576,0.104418306891208,-1.2950795610919,-0.385962427074892,0.309088200078501,0.10458069538079
0.308979756037301,0.130952666633647,-1.30722661312163,-0.360880648276764,0.308406049638126,0.130817915006326
0.326878777842415,0.160322801693938,-1.33907453813446,-0.34098042531441,0.326305600813716,0.160216298202363
0.359154318343827,0.190166460232869,-1.38415446539107,-0.324706968746449,0.358564923278952,0.190083019100759
0.40442716515138,0.218826090699164,-1.44068440089502,-0.31210694704712,0.40383341112888,0.218764783695156
0.460645060557546,0.244817848062838,-1.50616918751185,-0.303503770153819,0.460043985743641,0.244774496799163
0.525244021948996,0.266897815304592,-1.57773744676151,-0.29951625440465,0.524627636959044,0.266867384542955
0.595268197516386,0.284080300480331,-1.65229358365074,-0.30093479987949,0.594647569979111,0.284057914784486
0.667377092963389,0.295607855217628,-1.72635176550673,-0.308483971586178,0.666740054484783,0.29558677358641
0.738141244185158,0.300961030619737,-1.79646063758429,-0.322610364792904,0.737494668538351,0.300934509442607
0.804116255495255,0.299828506572283,-1.85910802383947,-0.343215846203589,0.80346640665875,0.299789518294271
0.862077632503871,0.292121054261045,-1.91101094157598,-0.369497895999606,0.861434947349662,0.292063443677519
0.850653021144586,0.304994833886194,-1.90026364974245,-0.353128804288802,0.85129471758035,0.305036009742908
0.858973395300744,0.33195729204821,-1.89106392209554,-0.326228284796698,0.858180410046884,0.330916908724344
0.86507969473896,0.357586505694819,-1.87716978323995,-0.299299960402753,0.865448833001108,0.357399725992548
0.864714733022364,0.382125808712106,-1.849344765326,-0.272442340956505,0.865307716815142,0.382075986535235
0.859105769810821,0.405680852986732,-1.810244928675,-0.246470629342839,0.85967772543865,0.405601548124139
0.847745130761321,0.428289706436274,-1.75927825038423,-0.221999379378907,0.848289680704056,0.428182187866649
0.830102693259065,0.450107834952273,-1.695697631148,-0.199696126640521,0.830609105194238,0.449975275086443
0.805526129265313,0.471369090329971,-1.61856308125284,-0.180288723650716,0.805998051749414,0.47121161582446
0.773056508135968,0.492403473835258,-1.52635963384947,-0.164624244583684,0.773486346988378,0.49222445361709
0.731365282617527,0.513696861771098,-1.41689457095307,-0.153762791192023,0.731748049558927,0.513499512802875

0,2.97147572321499,6.00801588623976,9.09807202997956,12.1889864420946,15.3758332873034,18.5530034622712,21.7325621993645,24.9017149173902,28.0473337180828,31.1575628904284,34.2211399813629,37.2279463964313,40.2681341178083,43.5115422956414,46.965410823751,50.6432277799985,54.5640097409186,57.337750702364,60.8308541366795,64.3584329186006,67.9330341846112,71.5231242537838,75.1028888927331,78.6571358993261,82.1698625537244,85.5111899601734,88.6140047802847,92.0025989810185,95.5163278358899,98.9985720411341,102.284970816557,105.300324863753,108.461134945237,111.691936683232,114.830897971907,117.724197676996,121.015382658469,122.784157052758,126.533164480619,130.296492915059,133.935077933568,137.454221139866,140.835395475231,144.058708407654,147.107633424869,150.10159586215,153.171504360529

0,3.63929965247217,7.35828664391133,11.1428170582687,14.928398632417,18.8314729619969,22.7226958393271,26.6168440958703,30.4982476339291,34.3508281274303,38.1600653551131,41.9121656853479,45.5947364214702,49.3181907412944,53.290538272925,57.5206460391881,62.0250334942692,66.8269910927507,70.2241161098498,74.502276626268,78.8226606478557,83.2006352156721,87.5975796157251,91.9818779980672,96.3349237910509,100.637117745626,104.729391350314,108.529547888123,112.679711256699,116.983132651164,121.24799338247,125.272993428016,128.966032832749,132.837218769491,136.794126628583,140.638553368384,144.18210734359,148.212969270451,150.379266638505,154.970844258586,159.57996145803,164.03629979857,168.346352392176,172.487428318696,176.435164301571,180.169319579662,183.836159719861,187.596014408892
